CON_MAT_ICFES;IDIOMA_ICFES;BIOLOGIA_ICFES;GENERO;FILOSOFIA_ICFES;LOCALIDAD;LITERATURA_ICFES;QUIMICA_ICFES;PG_ICFES;PROMEDIO_UNO;NOTA_ALGEBRA;NOTA_DITO;NOTA_TEXTOS;NOTA_CD&C;NCA_UNO;NAA_UNO;NOTA_HIST;NOTA_SEM;NOTA_DIF;NAP_UNO;VECES_HIST;VECES_ALGEBRA;NCP_UNO;PROMEDIO_TRES
74.32;49.51;56.75;1;62.84;20;62.59;48.33;465.98;36.0;35;35;40;35;15.0;7;45;40;30;0;1;1;0.0;34.72222222222222
53.42;47.66;63.27;1;70.86;10;63.33;59.03;479.0;36.0;30;35;45;35;15.0;7;45;45;30;0;1;2;0.0;35.55555555555556
49.77;31.96;35.42;0;44.33;4;48.95;52.59;391.71;34.0;30;33;30;39;15.0;7;45;45;30;0;1;3;0.0;3.1666666666666665
53.42;74.16;55.53;1;51.78;1;53.3;47.6;425.79;37.666666666666664;40;35;45;30;15.0;7;45;45;30;0;1;1;0.0;33.888888888888886
55.7;42.2;48.23;1;56.81;11;57.65;43.3;412.68;34.666666666666664;30;30;45;30;15.0;7;45;40;30;0;1;2;0.0;36.55555555555556
53.2;49.65;65.0;0;48.41;10;49.19;50.66;400.39;35.666666666666664;30;35;45;30;15.0;7;45;45;30;0;1;1;0.0;34.44444444444444
52.15;54.57;53.84;0;49.38;11;51.08;37.18;403.19;15.0;15;15;15;15;0.0;0;15;15;15;7;2;2;15.0;15.0
55.7;46.06;50.31;0;54.45;10;57.65;48.33;430.43;34.666666666666664;30;35;40;30;15.0;7;40;50;30;0;1;3;0.0;25.4
58.3;41.6;54.55;0;54.45;18;53.24;53.36;409.96;38.0;45;40;40;30;15.0;7;40;45;30;0;1;1;0.0;36.388888888888886
47.41;65.86;60.0;1;44.33;16;58.52;57.92;426.3;36.0;40;35;40;30;15.0;7;40;40;30;0;1;1;0.0;33.333333333333336
61.26;54.57;50.09;0;53.92;5;62.71;54.29;466.06;36.333333333333336;35;40;30;45;15.0;7;40;35;35;0;1;3;0.0;32.111111111111114
50.18;43.48;51.64;0;40.89;10;57.57;49.0;384.31;32.46666666666667;30;39;40;40;11.0;6;36;35;23;1;3;5;4.0;38.0
56.59;47.21;53.85;0;42.25;6;50.87;52.59;405.55;36.333333333333336;30;35;40;30;15.0;7;45;45;35;0;1;1;0.0;32.55555555555556
50.97;51.56;55.53;1;65.26;11;55.21;49.26;418.38;37.333333333333336;35;30;50;30;15.0;7;50;45;30;0;1;1;0.0;34.72222222222222
58.18;52.09;49.7;0;49.11;20;53.24;50.66;425.33;35.0;30;35;30;40;15.0;7;40;45;35;0;1;1;0.0;33.05555555555556
53.35;75.34;50.31;1;52.13;15;60.02;55.14;442.45;39.0;40;45;45;30;15.0;7;45;45;30;0;1;1;0.0;40.0
54.33;57.13;48.23;1;47.08;10;52.77;54.29;392.06;35.0;30;40;40;30;15.0;7;40;45;30;0;1;1;0.0;35.94444444444444
56.59;49.65;57.84;1;36.44;7;48.95;54.29;412.32;37.333333333333336;45;35;40;30;15.0;7;40;45;30;0;1;1;0.0;37.22222222222222
60.92;45.2;68.14;0;52.48;8;55.65;53.59;423.94;35.333333333333336;30;40;35;35;15.0;7;45;45;30;0;1;1;0.0;33.333333333333336
52.06;57.13;62.35;1;55.82;10;60.56;57.92;445.69;39.333333333333336;40;40;45;35;15.0;7;50;45;30;0;1;1;0.0;37.5
58.89;67.6;53.85;1;42.25;11;60.56;64.78;457.07;38.333333333333336;40;40;45;35;15.0;7;45;40;30;0;1;1;0.0;36.05555555555556
55.71;61.22;62.54;0;32.22;4;57.32;52.34;422.35;42.666666666666664;50;40;40;35;15.0;7;45;45;40;0;1;1;0.0;38.333333333333336
54.33;48.43;51.96;1;44.72;19;62.71;54.29;443.63;35.333333333333336;30;35;40;35;15.0;7;45;45;30;0;1;1;0.0;36.94444444444444
61.26;37.51;50.09;1;48.98;11;62.71;54.29;402.11;36.666666666666664;40;35;40;30;15.0;7;45;40;30;0;1;1;0.0;34.94444444444444
47.41;43.48;42.4;0;48.98;7;54.66;47.67;395.31;37.0;30;40;40;30;15.0;7;45;45;35;0;1;1;0.0;36.888888888888886
52.61;47.79;48.64;0;51.72;9;53.57;49.01;415.6;34.666666666666664;30;35;35;35;15.0;7;45;45;30;0;1;3;0.0;34.5
49.84;37.51;46.32;0;39.64;8;45.12;48.83;386.12;38.333333333333336;40;35;40;30;15.0;7;45;45;35;0;1;1;0.0;35.05555555555556
47.48;42.2;44.38;0;41.86;11;49.15;50.5;390.92;33.666666666666664;30;30;45;30;15.0;7;35;45;30;0;1;1;0.0;27.375
55.9;46.06;52.41;0;56.81;7;62.59;45.02;403.79;36.0;30;35;45;30;15.0;7;40;40;35;0;1;1;0.0;31.666666666666668
58.5;48.65;56.75;0;47.61;20;60.02;49.97;440.35;40.0;45;35;45;30;15.0;7;45;45;35;0;1;1;0.0;34.44444444444444
56.59;55.84;40.27;0;44.33;10;52.77;46.0;394.84;33.0;30;30;30;30;15.0;7;45;45;30;0;1;4;0.0;28.666666666666668
63.76;50.37;57.49;0;39.54;11;55.65;43.56;394.48;32.0;30;35;30;30;15.0;7;35;40;30;0;1;2;0.0;33.888888888888886
58.22;87.56;50.99;0;42.4;12;49.34;53.59;417.66;39.0;35;40;30;45;15.0;7;45;45;40;0;1;1;0.0;35.77777777777778
53.16;52.09;44.0;1;47.29;20;53.24;48.33;402.93;33.666666666666664;30;30;35;40;15.0;7;40;45;30;0;1;1;0.0;30.333333333333332
45.01;81.05;53.84;0;42.25;20;54.87;57.36;410.32;37.666666666666664;40;40;30;35;15.0;7;45;40;35;0;1;2;0.0;43.05555555555556
47.48;57.13;53.84;0;48.98;10;54.87;53.84;432.8;35.0;35;30;35;45;15.0;7;45;35;30;0;1;1;0.0;36.833333333333336
63.76;53.32;55.27;0;52.09;7;57.88;55.37;426.81;32.666666666666664;30;35;30;30;15.0;7;40;40;30;0;1;1;0.0;33.611111111111114
78.81;47.79;53.11;0;42.11;6;51.41;50.23;416.65;38.0;40;35;30;40;15.0;7;40;40;40;0;1;1;0.0;35.0
65.16;67.6;62.54;0;48.41;6;57.32;54.01;442.4;34.333333333333336;35;35;30;40;15.0;7;40;40;30;0;1;1;0.0;34.55555555555556
52.06;45.98;46.34;0;47.08;4;46.97;54.29;406.21;35.333333333333336;35;30;30;45;15.0;7;40;40;35;0;1;1;0.0;33.0
66.96;48.65;56.75;0;61.69;16;53.24;45.02;428.25;32.0;30;30;30;40;15.0;7;35;40;30;0;1;1;0.0;36.0
58.3;44.34;50.31;0;49.72;6;51.14;59.09;411.26;33.0;30;30;35;35;15.0;7;40;40;30;0;1;2;0.0;34.27777777777778
74.56;46.92;50.31;0;39.54;20;53.24;51.64;404.86;33.333333333333336;30;35;30;35;15.0;7;40;45;30;0;1;1;0.0;34.77777777777778
55.7;50.37;41.79;0;47.29;8;44.9;49.97;377.46;33.333333333333336;30;30;35;40;15.0;7;40;40;30;0;1;1;0.0;30.555555555555557
61.26;45.98;64.97;0;44.72;11;44.91;52.59;414.94;36.333333333333336;35;35;40;40;15.0;7;45;40;30;0;1;1;0.0;31.72222222222222
60.49;40.88;49.87;0;50.76;20;45.01;52.34;420.69;30.333333333333332;30;30;30;35;11.0;6;35;40;25;1;1;1;4.0;20.0
63.73;45.98;64.97;0;39.26;11;46.97;56.05;425.93;33.06666666666667;39;31;38;30;15.0;7;30;31;30;0;1;3;0.0;34.27777777777778
55.71;50.87;62.54;1;55.47;8;64.21;47.22;446.27;36.0;30;40;45;40;15.0;7;40;40;30;0;1;1;0.0;34.44444444444444
58.86;36.79;51.21;0;43.2;11;68.15;47.16;418.57;33.0;30;35;30;35;15.0;7;40;40;30;0;1;1;0.0;34.55555555555556
52.15;58.45;55.79;0;36.44;20;56.79;57.36;401.32;31.333333333333332;30;30;30;40;15.0;7;35;30;30;0;1;4;0.0;34.388888888888886
58.89;47.21;51.96;1;49.38;20;56.57;54.29;432.53;34.333333333333336;30;35;35;40;15.0;7;40;45;30;0;1;1;0.0;33.388888888888886
60.92;50.37;53.11;1;42.11;19;65.59;39.86;400.09;36.666666666666664;35;35;45;40;15.0;7;40;45;30;0;1;1;0.0;35.0
56.59;76.45;55.8;0;47.08;19;46.97;54.29;433.15;32.666666666666664;30;35;35;35;15.0;7;35;35;30;0;1;2;0.0;33.833333333333336
52.15;48.43;50.07;0;39.64;19;45.12;52.16;405.17;35.0;30;35;35;40;15.0;7;45;45;30;0;1;2;0.0;34.388888888888886
63.86;58.59;54.55;0;52.09;7;62.59;57.04;463.34;34.666666666666664;30;40;35;35;15.0;7;45;35;30;0;1;2;0.0;36.72222222222222
64.09;50.37;44.0;1;52.13;8;65.43;55.14;422.62;37.666666666666664;35;40;45;40;15.0;7;45;40;30;0;1;1;0.0;35.27777777777778
49.84;58.45;57.84;1;47.08;10;56.79;53.84;412.77;33.666666666666664;30;30;35;45;15.0;7;40;40;30;0;1;1;0.0;32.833333333333336
53.42;55.64;55.53;0;60.49;20;53.3;47.6;424.05;36.333333333333336;35;40;30;45;15.0;7;45;45;30;0;1;1;0.0;34.77777777777778
56.59;47.21;51.96;0;48.98;11;44.91;50.94;407.57;30.666666666666668;30;30;30;30;15.0;7;35;30;30;0;1;4;0.0;33.166666666666664
51.32;41.03;55.22;1;59.08;3;61.76;41.14;418.87;34.0;30;30;40;40;15.0;7;40;40;30;0;1;3;0.0;33.916666666666664
58.15;55.64;57.36;1;56.09;5;53.3;49.26;436.36;33.0;30;40;35;35;15.0;7;35;30;30;0;1;1;0.0;36.22222222222222
59.02;39.11;44.38;1;53.52;20;58.76;48.83;411.36;36.0;30;40;35;40;15.0;7;40;40;35;0;1;1;0.0;36.388888888888886
49.77;52.09;46.34;0;41.86;8;58.52;47.67;410.45;34.333333333333336;30;35;35;40;15.0;7;35;35;35;0;1;2;0.0;32.77777777777778
52.15;48.43;57.84;0;42.25;9;47.18;48.83;420.2;33.0;40;30;35;30;15.0;7;30;35;30;0;4;3;0.0;31.22222222222222
55.63;42.2;53.11;1;52.09;7;53.5;45.27;405.82;36.333333333333336;30;35;40;40;15.0;7;40;45;35;0;1;2;0.0;34.44444444444444
54.43;40.89;53.84;1;39.26;17;47.18;48.83;394.41;35.333333333333336;40;30;35;40;15.0;7;40;40;30;0;1;3;0.0;25.333333333333332
47.48;49.65;50.07;0;36.82;4;47.18;55.57;383.33;36.0;30;35;40;45;15.0;7;45;45;30;0;1;2;0.0;35.27777777777778
53.09;49.51;46.74;0;54.45;11;55.65;51.89;415.94;35.666666666666664;35;35;40;40;15.0;7;40;40;30;0;1;2;0.0;34.333333333333336
52.06;52.09;51.96;1;46.69;8;54.66;47.67;415.3;37.333333333333336;30;40;40;40;15.0;7;45;40;35;0;1;1;0.0;36.666666666666664
52.15;39.11;48.2;1;41.86;19;49.15;55.57;396.72;29.333333333333332;15;30;40;40;8.0;5;40;35;25;2;1;5;7.0;30.0
55.73;45.31;51.63;0;46.43;20;51.43;44.7;385.46;34.0;30;30;40;40;15.0;7;40;40;30;0;1;2;0.0;13.933333333333334
40.15;50.67;51.63;1;41.62;20;49.09;52.03;376.41;36.0;30;40;40;40;15.0;7;45;40;30;0;1;3;0.0;30.444444444444443
47.48;49.65;50.07;0;44.33;10;47.18;48.83;387.28;37.0;35;40;40;45;15.0;7;40;45;30;0;1;2;0.0;32.72222222222222
36.42;47.21;50.07;1;42.25;7;49.15;52.16;391.18;35.333333333333336;30;40;35;45;15.0;7;45;35;30;0;1;3;0.0;33.5
52.06;47.21;44.41;1;47.08;11;54.66;52.59;406.08;33.666666666666664;35;30;30;45;15.0;7;40;35;30;0;1;2;0.0;32.77777777777778
48.67;52.42;64.49;1;52.99;7;62.72;40.8;407.42;36.0;30;40;40;40;15.0;7;45;40;30;0;1;3;0.0;34.94444444444444
52.82;33.35;43.43;0;34.54;4;46.7;49.0;369.78;34.333333333333336;30;40;35;40;15.0;7;40;35;30;0;1;2;0.0;34.611111111111114
53.09;45.2;44.56;0;40.37;15;62.78;46.94;390.16;35.0;30;40;40;35;15.0;7;40;40;30;0;1;2;0.0;34.0
47.41;38.31;53.85;1;42.25;8;42.72;54.29;389.92;33.53333333333333;31;30;40;40;15.0;7;35;40;30;0;1;7;0.0;24.22222222222222
53.35;41.6;34.26;1;52.09;20;47.0;41.52;359.36;32.333333333333336;30;35;35;35;11.0;6;40;40;25;1;1;6;4.0;20.5
36.42;44.74;50.07;1;39.64;18;54.87;45.38;379.35;31.0;23;30;35;40;8.0;5;45;40;24;2;1;7;7.0;33.0
54.33;43.48;46.34;1;47.08;19;52.77;50.94;402.72;41.0;35;45;40;45;15.0;7;45;45;40;0;1;1;0.0;38.05555555555556
50.54;43.48;45.64;1;46.04;7;47.14;45.4;369.9;36.666666666666664;30;40;40;40;15.0;7;40;40;35;0;1;1;0.0;35.166666666666664
42.39;40.89;46.32;1;44.72;1;49.15;50.5;380.46;35.666666666666664;35;35;40;40;15.0;7;40;40;30;0;1;2;0.0;33.166666666666664
60.92;40.5;62.31;1;52.48;20;51.41;48.59;425.85;37.333333333333336;35;40;40;40;15.0;7;45;45;30;0;1;2;0.0;35.27777777777778
53.2;43.48;47.79;0;50.76;10;51.21;45.4;402.14;34.0;30;35;35;40;15.0;7;45;30;30;0;1;2;0.0;33.111111111111114
64.16;0.0;54.77;1;53.59;8;58.84;54.3;447.04;38.666666666666664;40;40;45;45;15.0;7;40;45;30;0;1;3;0.0;34.72222222222222
53.2;64.23;58.09;0;38.35;10;66.94;54.01;424.37;36.666666666666664;30;40;40;40;15.0;7;40;40;35;0;1;1;0.0;35.666666666666664
58.94;53.32;55.09;0;51.14;20;48.26;54.59;443.53;37.333333333333336;35;30;35;35;15.0;7;45;40;40;0;1;2;0.0;32.8
56.43;61.22;53.07;1;48.86;11;50.37;54.59;443.71;35.333333333333336;35;35;40;35;15.0;7;40;40;30;0;1;1;0.0;37.888888888888886
51.6;58.06;52.77;0;53.59;10;50.37;62.0;439.59;40.666666666666664;35;40;40;45;15.0;7;40;40;45;0;1;1;0.0;35.5
58.94;53.32;51.06;0;48.86;7;48.26;52.83;435.46;37.666666666666664;45;30;40;30;15.0;7;40;40;35;0;1;3;0.0;33.27777777777778
61.49;45.94;44.68;0;39.79;5;56.7;56.08;407.59;34.0;35;30;40;35;15.0;7;35;40;30;0;1;2;0.0;28.5
56.43;65.1;55.09;0;46.59;7;54.54;54.59;418.19;39.666666666666664;35;40;40;45;15.0;7;40;45;40;0;1;1;0.0;36.05555555555556
75.27;65.86;53.95;1;43.59;1;55.25;47.22;426.58;35.666666666666664;45;30;35;30;15.0;7;40;40;30;0;1;1;0.0;35.94444444444444
56.43;67.51;55.09;0;46.59;19;56.64;60.27;425.97;42.0;45;40;40;50;15.0;7;40;45;40;0;1;1;0.0;38.55555555555556
70.23;54.64;57.49;1;54.89;12;60.24;53.59;443.98;36.666666666666664;30;45;40;50;15.0;7;40;40;30;0;1;1;0.0;34.111111111111114
61.49;37.51;66.19;0;37.24;15;54.6;57.93;450.71;36.666666666666664;40;45;40;40;15.0;7;30;40;30;0;1;2;0.0;39.5
73.76;39.05;47.0;0;41.95;11;50.37;52.83;420.73;34.0;30;40;35;40;15.0;7;40;30;30;0;1;2;0.0;22.75
56.71;43.48;51.94;1;53.92;4;58.76;55.57;446.95;39.333333333333336;30;40;50;45;15.0;7;45;45;35;0;1;1;0.0;36.166666666666664
51.6;47.17;44.68;1;46.77;10;61.07;59.89;425.39;36.666666666666664;30;40;45;50;15.0;7;40;40;30;0;1;1;0.0;39.94444444444444
70.11;54.9;54.77;0;51.28;15;50.37;56.08;425.21;35.0;30;30;40;45;15.0;7;45;40;30;0;1;1;0.0;37.5
64.16;54.9;46.76;1;55.96;20;58.8;49.12;426.13;35.0;30;35;35;35;15.0;7;40;40;35;0;1;3;0.0;31.0
70.62;54.64;52.41;1;47.29;8;55.4;61.37;430.39;37.666666666666664;30;40;40;45;15.0;7;45;40;35;0;1;1;0.0;34.888888888888886
58.94;65.1;55.09;1;61.03;20;39.08;56.4;437.93;35.333333333333336;33;35;35;35;15.0;7;40;40;34;0;1;5;0.0;16.714285714285715
49.14;65.1;48.79;1;51.28;13;61.07;57.93;439.88;35.0;30;40;35;45;15.0;7;40;40;30;0;1;3;0.0;34.0
61.53;72.32;53.07;1;46.59;20;63.4;54.59;445.26;37.0;30;40;40;50;15.0;7;45;45;30;0;1;2;0.0;35.833333333333336
58.94;61.22;55.09;0;51.14;8;58.84;60.27;461.48;34.0;35;30;35;35;15.0;7;40;40;30;0;1;2;0.0;34.833333333333336
51.49;35.81;44.9;0;48.86;20;61.03;45.83;413.1;33.0;30;30;40;30;15.0;7;35;45;30;0;1;5;0.0;35.77777777777778
51.49;45.94;42.7;0;48.86;8;52.45;47.62;419.43;37.0;30;40;40;50;15.0;7;45;45;30;0;1;1;0.0;37.27777777777778
58.94;45.94;52.77;1;53.59;10;50.37;50.85;439.86;36.666666666666664;30;40;45;45;15.0;7;40;45;30;0;1;2;0.0;39.666666666666664
58.94;61.22;46.76;1;55.96;7;52.54;57.93;461.6;37.666666666666664;40;30;45;40;15.0;7;45;45;30;0;1;3;0.0;38.0
58.94;54.9;53.07;1;58.36;8;50.47;67.52;451.91;37.0;30;40;45;50;15.0;7;40;45;30;0;1;1;0.0;37.388888888888886
56.43;52.09;53.07;0;58.36;5;58.8;52.83;446.66;36.666666666666664;35;35;40;45;15.0;7;40;50;30;0;1;2;0.0;38.77777777777778
56.46;65.1;54.77;0;42.19;6;61.07;52.57;442.01;34.666666666666664;30;40;45;30;15.0;7;35;40;30;0;1;2;0.0;33.388888888888886
61.49;44.71;46.76;1;42.19;20;54.6;52.57;420.22;39.333333333333336;30;45;50;40;15.0;7;50;50;30;0;1;1;0.0;35.388888888888886
61.53;47.17;51.06;0;46.59;6;46.23;51.1;421.37;34.666666666666664;30;35;35;40;15.0;7;40;50;30;0;1;1;0.0;32.27777777777778
58.94;47.17;49.05;0;51.14;11;54.54;52.83;428.82;36.0;30;40;45;45;15.0;7;35;45;30;0;1;1;0.0;34.0
64.24;62.69;57.16;1;53.46;20;54.54;64.8;458.73;34.666666666666664;30;35;40;35;15.0;7;40;45;30;0;1;1;0.0;35.5
67.01;49.63;42.51;0;46.77;11;50.37;67.0;425.99;37.0;30;40;40;30;15.0;7;35;45;40;0;1;1;0.0;35.05555555555556
58.94;53.32;53.07;1;55.86;8;54.6;54.59;453.41;38.0;40;35;45;40;15.0;7;40;50;30;0;1;1;0.0;35.05555555555556
53.42;49.6;65.51;0;53.94;20;55.21;65.03;465.32;39.333333333333336;45;40;45;45;15.0;7;40;40;30;0;1;3;0.0;21.625
67.13;50.86;51.06;0;34.19;7;48.26;49.37;392.25;35.666666666666664;30;35;45;40;15.0;7;40;45;30;0;1;1;0.0;36.5
49.84;55.84;62.36;1;49.38;20;52.97;53.84;446.72;37.0;30;35;40;45;15.0;7;40;50;35;0;1;1;0.0;34.666666666666664
56.43;50.86;51.06;0;55.86;7;54.6;52.83;436.97;34.0;30;30;35;45;15.0;7;40;45;30;0;1;4;0.0;22.4
53.95;61.22;51.06;0;46.59;10;39.08;58.28;424.77;38.0;35;40;45;40;15.0;7;45;45;30;0;1;1;0.0;31.333333333333332
64.24;48.4;42.7;0;48.86;20;58.8;60.27;441.14;36.333333333333336;30;35;40;35;15.0;7;40;50;35;0;1;2;0.0;34.166666666666664
58.89;52.09;62.35;1;39.64;11;60.56;67.93;452.93;36.666666666666664;30;35;45;40;15.0;7;45;50;30;0;1;1;0.0;36.05555555555556
61.49;50.86;44.68;0;44.51;5;54.6;54.3;410.83;37.0;35;40;45;35;15.0;7;40;45;30;0;1;3;0.0;34.27777777777778
67.01;58.06;56.82;1;55.96;10;48.26;50.85;453.08;40.333333333333336;35;35;50;50;15.0;7;45;50;35;0;1;1;0.0;34.22222222222222
53.95;52.09;61.56;1;46.59;7;50.37;54.59;434.23;38.666666666666664;35;35;45;50;15.0;7;40;45;35;0;1;1;0.0;36.55555555555556
58.13;48.43;53.95;0;48.41;10;51.21;43.47;405.3;28.866666666666667;15;30;40;35;8.0;5;40;45;22;2;1;6;7.0;20.833333333333332
67.01;59.64;44.68;1;42.19;16;54.54;56.08;410.94;39.0;40;35;45;50;15.0;7;45;45;30;0;1;1;0.0;33.44444444444444
64.09;59.9;56.75;0;54.45;18;51.14;55.14;431.95;35.0;30;30;45;35;15.0;7;40;50;30;0;1;1;0.0;35.94444444444444
51.49;49.63;51.06;0;46.59;8;54.6;52.83;404.64;36.333333333333336;30;45;40;45;15.0;7;30;40;35;0;1;1;0.0;37.388888888888886
51.6;52.09;48.79;1;46.77;19;50.37;56.08;445.65;35.666666666666664;40;35;40;40;15.0;7;35;35;30;0;1;2;0.0;37.05555555555556
56.43;39.05;55.09;1;48.86;19;56.64;51.1;457.37;33.666666666666664;30;35;40;35;15.0;7;35;40;30;0;1;2;0.0;34.55555555555556
56.43;61.22;51.06;0;44.29;8;54.6;54.59;438.17;35.0;30;40;40;45;15.0;7;35;40;30;0;1;1;0.0;38.611111111111114
69.18;39.11;57.84;1;46.69;16;54.66;54.29;440.78;37.666666666666664;35;45;35;50;15.0;7;35;40;35;0;1;1;0.0;37.77777777777778
53.95;54.9;49.05;1;44.29;20;56.64;60.27;438.08;34.666666666666664;30;35;40;30;15.0;7;35;40;35;0;1;2;0.0;34.55555555555556
73.76;47.17;47.0;0;48.86;15;46.1;62.42;446.65;34.666666666666664;30;40;40;40;15.0;7;35;40;30;0;1;1;0.0;35.333333333333336
56.59;58.45;64.97;0;44.33;11;56.57;57.92;459.43;31.333333333333332;30;30;30;40;15.0;7;30;40;30;0;2;1;0.0;34.0
67.13;52.09;44.9;1;51.14;7;52.45;54.59;443.6;38.333333333333336;35;45;40;50;15.0;7;35;40;35;0;1;1;0.0;39.0
64.24;58.06;51.06;0;46.59;7;58.84;52.83;431.95;35.0;30;45;35;45;15.0;7;35;40;30;0;1;1;0.0;35.388888888888886
54.03;50.86;50.78;0;42.19;9;61.07;56.08;446.63;31.0;30;30;30;40;15.0;7;30;35;30;0;2;2;0.0;33.611111111111114
67.13;59.64;44.9;0;41.95;7;52.45;51.1;429.66;37.333333333333336;40;35;35;40;15.0;7;30;40;40;0;1;1;0.0;36.94444444444444
64.24;43.48;55.09;0;53.46;10;50.37;56.4;429.4;34.666666666666664;30;40;35;45;15.0;7;30;35;35;0;1;1;0.0;29.555555555555557
67.01;77.14;63.55;0;55.96;8;52.45;57.93;477.57;33.666666666666664;30;35;35;45;15.0;7;35;40;30;0;1;2;0.0;35.0
58.13;57.13;53.95;0;46.04;11;55.25;55.7;455.33;39.0;45;35;35;50;15.0;7;30;40;40;0;1;1;0.0;37.111111111111114
64.24;52.09;42.7;0;51.14;8;54.6;49.37;413.86;31.333333333333332;30;30;25;25;12.0;5;35;35;35;2;4;2;3.0;21.90909090909091
64.16;53.32;48.79;1;34.5;20;52.45;50.85;416.05;34.333333333333336;35;35;40;40;15.0;7;30;40;30;0;1;2;0.0;33.388888888888886
54.03;67.51;56.82;1;49.02;7;63.42;50.85;436.75;34.333333333333336;30;35;40;45;15.0;7;35;40;30;0;1;2;0.0;35.388888888888886
53.95;77.14;53.07;1;41.95;10;58.84;56.4;427.76;34.333333333333336;30;35;40;50;15.0;7;35;35;30;0;1;1;0.0;36.611111111111114
56.46;65.1;58.93;0;44.51;20;54.6;56.08;424.44;36.0;30;40;40;40;15.0;7;35;40;35;0;1;1;0.0;34.833333333333336
73.57;48.4;46.76;0;49.02;15;43.85;56.08;429.21;32.666666666666664;30;35;35;35;15.0;7;35;35;30;0;1;1;0.0;34.05555555555556
61.49;53.32;52.77;1;55.96;11;48.26;50.85;429.52;35.0;30;40;35;45;15.0;7;40;40;30;0;1;1;0.0;35.27777777777778
70.38;53.32;52.41;1;44.77;11;51.14;55.14;421.02;33.0;30;30;35;35;15.0;7;40;40;30;0;1;1;0.0;37.111111111111114
56.46;49.63;50.78;1;55.96;7;56.7;49.12;431.63;38.333333333333336;30;45;35;50;15.0;7;45;45;35;0;1;2;0.0;38.166666666666664
58.94;49.63;37.89;0;53.46;20;61.03;58.28;431.91;36.333333333333336;40;35;35;40;15.0;7;30;45;35;0;1;1;0.0;37.72222222222222
61.53;58.06;47.0;1;53.46;10;50.37;54.59;405.25;35.2;31;40;35;45;15.0;7;45;30;30;0;1;5;0.0;32.166666666666664
56.43;65.1;61.56;0;48.86;20;63.4;58.28;463.3;34.333333333333336;30;40;35;30;15.0;7;40;45;30;0;1;1;0.0;34.388888888888886
67.01;43.48;44.68;0;44.51;20;52.45;45.59;420.89;33.666666666666664;30;40;35;45;15.0;7;30;40;30;0;1;3;0.0;33.72222222222222
66.5;40.89;53.84;0;44.72;16;52.97;63.57;422.19;35.666666666666664;30;40;35;45;15.0;7;30;30;40;0;1;1;0.0;35.72222222222222
70.26;56.48;57.16;1;46.59;6;56.7;56.4;457.38;40.333333333333336;40;50;40;45;15.0;7;40;40;35;0;1;1;0.0;39.44444444444444
63.76;48.65;55.27;0;43.64;10;62.78;57.25;454.26;34.333333333333336;30;35;40;45;15.0;7;35;40;30;0;1;1;0.0;33.833333333333336
58.13;42.2;51.92;0;41.05;6;57.32;48.97;420.92;33.333333333333336;30;35;40;40;15.0;7;30;40;30;0;1;1;0.0;26.5
61.22;53.32;59.08;0;42.4;7;53.24;59.09;424.52;32.666666666666664;30;35;35;35;15.0;7;30;45;30;0;1;2;0.0;36.0
70.26;72.32;53.07;0;51.14;11;43.85;64.8;475.32;35.333333333333336;30;40;35;40;15.0;7;40;30;35;0;1;1;0.0;18.75
70.26;53.32;49.05;0;44.29;20;46.23;56.4;448.41;35.0;35;35;40;40;15.0;7;35;40;30;0;1;3;0.0;32.833333333333336
51.49;65.1;47.0;1;48.86;7;61.03;56.4;431.05;34.666666666666664;30;35;35;45;15.0;7;40;45;30;0;1;1;0.0;33.166666666666664
53.95;53.32;49.05;1;48.86;12;54.6;54.59;440.2;36.666666666666664;30;45;40;45;15.0;7;40;45;30;0;1;2;0.0;34.166666666666664
56.46;56.48;50.78;0;49.02;20;61.07;57.93;439.13;36.0;30;40;40;45;15.0;7;40;45;30;0;1;1;0.0;38.888888888888886
60.48;53.56;55.53;0;49.58;19;47.41;50.87;415.16;34.333333333333336;35;35;35;30;15.0;7;40;40;30;0;1;2;0.0;14.833333333333334
56.71;35.21;57.84;0;47.08;20;49.15;53.84;433.73;34.0;35;35;35;30;15.0;7;35;45;30;0;1;1;0.0;24.166666666666668
50.65;46.06;52.41;0;46.63;18;65.43;46.68;421.54;32.666666666666664;30;35;35;35;15.0;7;30;45;30;0;1;3;0.0;32.77777777777778
58.94;54.9;53.07;0;51.14;8;50.47;60.27;440.08;34.333333333333336;30;35;40;45;15.0;7;35;40;30;0;1;1;0.0;35.388888888888886
55.8;62.81;59.24;0;49.58;10;63.33;52.46;448.65;29.066666666666666;24;25;30;39;10.0;5;30;35;30;2;1;4;5.0;14.0
52.15;43.48;50.07;0;44.72;10;52.97;55.57;415.89;31.0;25;35;30;30;12.0;6;30;30;35;1;2;4;3.0;17.2
58.94;69.92;51.06;0;46.59;20;52.54;54.59;437.52;33.333333333333336;30;30;30;30;15.0;7;30;40;40;0;1;2;0.0;35.55555555555556
51.11;48.92;62.46;0;46.43;5;53.89;50.18;421.97;33.07692307692308;30;40;0;45;13.0;6;30;35;30;0;2;3;0.0;32.0
58.94;48.4;53.07;0;58.36;8;52.45;49.37;426.9;34.333333333333336;30;35;40;45;15.0;7;35;40;30;0;1;1;0.0;34.111111111111114
54.03;53.32;44.68;1;42.19;19;54.6;50.85;426.4;34.4;30;35;35;45;15.0;7;35;35;34;0;1;2;0.0;28.285714285714285
46.62;62.69;44.68;1;55.96;20;58.8;54.3;426.74;35.666666666666664;30;40;40;45;15.0;7;40;40;30;0;1;2;0.0;34.55555555555556
50.56;37.38;50.99;1;49.72;8;57.88;37.8;411.47;32.333333333333336;30;30;35;45;15.0;7;30;40;30;0;1;3;0.0;33.75
64.16;62.69;46.76;0;46.77;14;48.37;54.3;410.48;33.0;30;30;40;30;15.0;7;40;35;30;0;2;2;0.0;36.27777777777778
56.43;50.86;51.06;0;48.86;4;54.6;49.37;426.51;37.666666666666664;35;35;40;45;15.0;7;35;35;40;0;1;2;0.0;35.94444444444444
56.43;56.48;57.16;1;51.14;12;46.23;54.59;426.57;35.666666666666664;30;40;40;45;15.0;7;40;40;30;0;1;2;0.0;33.5
57.29;53.32;62.19;0;56.42;10;64.83;59.56;479.27;32.2;41;30;30;30;15.0;7;30;30;30;0;2;3;0.0;35.166666666666664
58.94;45.94;44.68;0;42.19;8;50.47;50.85;424.69;33.333333333333336;30;40;35;40;15.0;7;30;40;30;0;1;2;0.0;36.22222222222222
56.43;53.32;61.56;0;55.86;10;54.6;58.28;455.48;37.333333333333336;30;45;40;45;15.0;7;35;45;35;0;1;1;0.0;38.5
70.11;67.51;50.78;0;51.28;4;50.37;52.57;444.4;35.666666666666664;30;30;40;45;15.0;7;40;40;35;0;1;1;0.0;33.0
54.77;59.9;51.5;0;53.66;11;52.83;52.15;431.85;35.666666666666664;35;40;40;45;15.0;7;35;35;30;0;1;4;0.0;36.333333333333336
55.71;44.74;58.09;0;48.41;10;57.32;59.25;441.03;35.666666666666664;30;45;40;45;15.0;7;35;40;30;0;1;1;0.0;38.666666666666664
60.92;42.2;48.87;1;50.07;4;53.5;48.59;406.89;35.0;30;40;40;45;15.0;7;35;40;30;0;1;1;0.0;33.888888888888886
34.66;44.71;49.05;1;44.29;20;52.54;42.01;363.3;30.333333333333332;30;30;45;45;11.0;6;30;30;20;1;1;3;4.0;29.166666666666668
64.24;61.22;51.06;0;46.59;8;54.54;47.62;443.86;40.333333333333336;40;40;45;45;15.0;7;35;40;40;0;1;1;0.0;36.05555555555556
62.56;67.51;57.54;0;48.58;20;56.52;57.67;435.81;35.666666666666664;35;40;45;45;15.0;7;30;35;30;0;1;1;0.0;36.72222222222222
54.03;53.32;58.93;0;39.79;8;56.64;50.85;410.44;34.666666666666664;35;40;35;45;15.0;7;30;40;30;0;1;2;0.0;33.22222222222222
51.49;53.32;55.09;1;48.86;10;52.54;67.52;440.36;34.333333333333336;30;35;40;45;15.0;7;35;40;30;0;2;3;0.0;34.5
45.01;42.2;55.79;1;46.69;8;52.97;48.83;423.72;36.0;30;40;45;40;15.0;7;40;40;30;0;1;1;0.0;32.44444444444444
64.15;42.76;50.32;0;41.41;19;54.31;45.7;412.63;27.0;15;30;45;35;8.0;5;30;35;20;2;1;2;7.0;20.0
53.95;44.71;57.16;1;48.86;9;56.7;52.83;441.27;37.0;30;35;45;45;15.0;7;40;40;35;0;1;5;0.0;34.77777777777778
73.57;58.06;52.77;0;46.77;10;56.7;50.85;440.51;34.666666666666664;30;40;40;45;15.0;7;35;35;30;0;1;2;0.0;36.22222222222222
68.03;42.76;53.65;0;33.5;10;54.57;53.73;425.0;41.0;35;50;45;45;15.0;7;35;45;40;0;1;1;0.0;36.27777777777778
70.26;49.63;47.0;1;36.95;7;48.37;51.1;386.47;35.0;30;40;40;45;15.0;7;35;40;30;0;1;1;0.0;35.0
57.29;44.92;55.63;0;53.93;1;56.52;41.56;414.55;34.8;34;40;45;35;15.0;7;30;35;30;0;1;3;0.0;35.388888888888886
61.53;56.48;51.06;1;53.46;18;48.37;54.59;445.24;36.0;35;35;40;45;15.0;7;40;40;30;0;1;1;0.0;37.666666666666664
46.62;50.86;52.77;1;55.96;20;52.54;52.57;421.65;35.0;30;40;40;40;15.0;7;40;35;30;0;1;1;0.0;35.27777777777778
65.19;52.09;47.86;1;53.93;5;60.74;59.56;421.62;36.0;35;35;40;45;15.0;7;40;40;30;0;1;3;0.0;36.666666666666664
53.95;53.32;47.0;0;53.46;11;52.45;52.83;444.06;37.733333333333334;38;41;44;37;15.0;7;44;37;30;0;2;3;0.0;34.0
51.49;54.9;51.06;1;53.46;8;46.1;52.83;422.41;35.333333333333336;30;45;35;40;15.0;7;40;40;30;0;1;1;0.0;37.5
52.17;74.73;47.62;1;51.15;1;69.87;47.05;431.11;34.666666666666664;30;35;40;45;15.0;7;40;35;30;0;1;1;0.0;37.888888888888886
58.94;61.22;48.79;0;49.02;9;54.54;70.24;433.86;35.13333333333333;30;35;40;40;15.0;7;40;35;33;0;1;2;0.0;30.444444444444443
58.13;47.21;53.95;1;43.59;4;57.32;50.66;439.04;37.0;35;40;40;40;15.0;7;45;40;30;0;1;1;0.0;36.833333333333336
57.34;53.32;55.46;0;48.58;11;54.57;52.15;451.89;34.333333333333336;30;35;40;35;15.0;7;40;40;30;0;1;2;0.0;32.55555555555556
70.62;48.65;46.13;0;56.81;3;53.24;51.64;427.95;34.6;33;35;40;35;15.0;7;40;35;30;0;1;4;0.0;32.888888888888886
58.94;47.17;54.77;1;49.02;18;54.6;47.38;416.94;37.266666666666666;30;40;40;45;15.0;7;40;40;36;0;1;3;0.0;17.333333333333332
65.19;52.09;47.86;1;58.95;20;67.22;48.57;460.8;35.0;30;30;40;45;15.0;7;45;40;30;0;1;2;0.0;30.0
57.34;46.35;53.46;0;45.93;20;54.57;55.74;439.94;32.666666666666664;30;30;35;40;15.0;7;35;40;30;0;1;1;0.0;34.111111111111114
70.26;54.9;44.9;0;46.59;16;48.26;56.4;418.32;35.333333333333336;30;40;40;40;15.0;7;40;40;30;0;1;1;0.0;36.05555555555556
65.19;53.32;59.85;0;53.93;20;58.49;64.5;482.9;35.333333333333336;35;30;30;45;15.0;7;40;40;35;0;1;4;0.0;33.888888888888886
58.5;52.09;44.0;1;52.09;19;57.65;46.68;428.61;33.666666666666664;30;35;40;45;11.0;6;40;40;25;1;1;3;4.0;35.0
51.6;45.94;56.82;0;53.59;11;52.45;54.3;445.59;35.4;37;30;40;40;15.0;7;40;40;30;0;1;3;0.0;31.555555555555557
51.49;33.95;42.7;0;36.95;7;54.6;43.97;403.51;29.23076923076923;15;0;30;40;10.0;5;40;35;30;1;1;3;3.0;11.0
61.53;59.64;55.09;0;44.29;4;56.64;49.37;431.86;39.666666666666664;40;35;45;45;15.0;7;45;40;35;0;1;1;0.0;35.44444444444444
56.43;54.9;53.07;0;58.36;10;54.54;47.62;438.92;38.0;40;45;40;40;15.0;7;40;40;30;0;1;2;0.0;34.611111111111114
61.49;58.06;58.93;1;64.01;4;48.26;50.85;447.43;34.666666666666664;30;35;40;40;15.0;7;40;40;30;0;1;2;0.0;31.2
67.13;52.09;49.05;0;44.29;10;48.26;58.28;426.88;35.333333333333336;35;35;40;40;15.0;7;40;35;30;0;1;2;0.0;38.55555555555556
55.8;53.56;55.53;0;51.78;20;57.14;59.03;445.95;35.666666666666664;30;40;40;45;15.0;7;40;40;30;0;1;1;0.0;33.388888888888886
58.94;58.06;55.09;1;53.46;20;48.26;52.83;424.69;37.266666666666666;30;40;40;45;15.0;7;50;40;31;0;1;2;0.0;36.388888888888886
62.48;50.66;37.04;1;48.87;8;52.61;53.73;405.37;34.0;30;30;40;40;15.0;7;40;40;30;0;1;1;0.0;35.5
65.16;44.74;51.92;0;46.04;1;49.19;55.7;398.44;34.333333333333336;30;30;40;40;15.0;7;45;35;30;0;1;2;0.0;31.22222222222222
53.95;56.48;55.09;1;46.59;19;50.37;58.28;426.59;37.0;40;35;40;45;15.0;7;40;40;30;0;1;1;0.0;36.0
82.69;88.94;55.09;0;48.86;20;68.76;54.59;480.26;36.0;35;35;40;45;15.0;7;40;40;30;0;1;1;0.0;33.666666666666664
54.77;53.32;49.56;0;53.66;17;56.52;50.44;425.37;35.0;30;35;40;45;15.0;7;40;40;30;0;1;2;0.0;32.77777777777778
56.43;77.14;44.9;0;51.14;20;50.47;52.83;430.34;33.666666666666664;30;35;40;35;15.0;7;35;40;30;0;1;1;0.0;35.27777777777778
56.43;79.55;59.3;0;53.46;7;52.54;62.42;457.05;35.666666666666664;30;45;35;30;15.0;7;30;35;40;0;1;1;0.0;37.55555555555556
61.49;52.09;52.77;1;53.59;10;56.64;54.3;436.49;36.333333333333336;30;40;45;45;15.0;7;40;40;30;0;1;3;0.0;34.333333333333336
56.43;79.55;53.07;0;58.36;12;54.6;60.27;455.63;30.333333333333332;20;35;30;30;12.0;6;40;35;30;1;1;2;3.0;30.0
61.53;44.71;55.09;1;41.95;12;61.03;47.62;429.53;38.333333333333336;35;35;45;45;15.0;7;45;35;35;0;1;1;0.0;33.388888888888886
58.15;57.84;70.86;0;51.78;1;55.21;50.87;471.15;35.0;25;40;40;45;12.0;6;40;45;30;1;1;3;3.0;31.25
58.94;45.94;47.0;1;36.95;8;50.37;47.62;396.99;31.0;25;30;40;40;8.0;5;40;30;25;2;1;5;7.0;11.333333333333334
56.46;52.09;46.76;1;58.46;20;50.47;57.93;440.73;34.06666666666667;32;30;35;35;15.0;7;35;40;35;0;1;3;0.0;34.05555555555556
62.56;67.51;55.46;0;56.17;7;58.49;53.91;435.41;35.8;30;40;35;45;15.0;7;40;40;33;0;1;4;0.0;35.27777777777778
64.16;45.94;44.68;0;53.59;11;56.64;52.57;407.69;16.6;15;15;15;15;0.0;0;15;15;21;7;3;5;15.0;20.75
54.74;54.64;53.65;1;51.42;4;50.85;46.88;430.5;34.666666666666664;36;30;30;40;15.0;7;40;40;33;0;1;5;0.0;35.333333333333336
55.7;44.34;52.41;0;36.66;4;57.65;53.36;417.03;32.666666666666664;30;30;35;35;15.0;7;40;35;30;0;1;5;0.0;31.0
58.94;52.09;44.9;0;46.59;20;48.26;51.1;430.18;31.666666666666668;30;30;30;35;15.0;7;40;30;30;0;1;2;0.0;30.5
58.15;55.64;51.89;0;49.58;18;63.33;44.03;428.47;27.0;20;30;30;35;8.0;5;35;40;20;2;1;5;7.0;11.0
56.46;45.94;46.76;0;42.19;20;54.54;45.59;401.97;31.333333333333332;25;35;30;40;8.0;5;45;35;25;2;1;5;7.0;11.0
51.49;45.94;55.09;0;46.59;11;54.54;52.83;416.65;35.46666666666667;34;45;30;30;15.0;7;45;40;30;0;1;2;0.0;34.44444444444444
59.93;41.61;47.62;1;51.15;20;44.17;57.67;428.88;33.666666666666664;30;40;35;35;15.0;7;40;30;30;0;1;1;0.0;36.77777777777778
64.09;48.65;54.55;0;56.81;20;53.24;51.64;447.83;33.86666666666667;31;30;40;35;15.0;7;40;40;30;0;1;4;0.0;35.5
61.53;67.51;44.9;1;44.29;4;58.8;54.59;409.24;33.666666666666664;35;35;30;30;15.0;7;40;40;30;0;1;4;0.0;35.22222222222222
55.8;51.56;68.0;0;51.78;20;53.3;47.6;426.37;31.733333333333334;34;30;30;20;14.0;6;40;30;31;1;3;5;1.0;22.0
49.14;35.81;50.78;0;44.51;8;52.45;47.38;406.88;34.333333333333336;30;40;35;35;15.0;7;40;40;30;0;1;4;0.0;33.333333333333336
52.17;43.48;49.56;0;53.66;20;54.57;53.91;419.49;36.333333333333336;35;40;40;40;15.0;7;40;40;30;0;1;1;0.0;37.333333333333336
52.17;50.66;41.48;0;53.66;11;44.17;48.74;403.47;34.0;30;35;35;35;15.0;7;40;45;30;0;1;1;0.0;35.72222222222222
54.03;53.32;54.77;1;44.51;20;48.37;52.57;420.82;36.666666666666664;35;30;40;45;15.0;7;40;40;35;0;1;1;0.0;33.388888888888886
54.03;54.9;48.79;0;53.59;20;48.26;50.85;409.46;32.666666666666664;30;30;30;35;15.0;7;40;45;30;0;1;1;0.0;25.77777777777778
58.94;48.4;40.21;0;44.51;10;52.54;50.85;398.3;34.0;32;40;45;30;15.0;7;32;30;30;0;1;3;0.0;34.888888888888886
43.8;40.45;42.7;0;44.29;19;56.64;56.4;397.32;28.533333333333335;20;30;30;30;8.0;5;40;30;27;2;1;5;7.0;34.666666666666664
56.59;40.89;50.09;0;42.25;4;48.95;59.94;413.94;31.666666666666668;30;30;35;30;15.0;7;35;35;30;0;1;3;0.0;27.944444444444443
79.26;66.03;68.87;1;54.95;20;65.03;69.14;462.49;35.2;35;30;40;35;15.0;7;45;38;30;0;1;1;0.0;43.94444444444444
63.5;59.67;68.87;0;60.81;8;59.4;66.48;448.91;36.86666666666667;42;35;35;40;15.0;7;30;35;38;0;1;2;0.0;36.333333333333336
69.01;48.86;57.8;0;69.52;20;59.4;69.14;439.41;31.466666666666665;35;40;30;40;11.0;6;30;35;23;1;1;1;4.0;15.833333333333334
68.39;66.95;65.98;1;65.24;10;59.27;56.56;436.91;32.666666666666664;30;40;30;40;15.0;7;30;40;30;0;1;1;0.0;13.0
69.01;64.24;63.99;1;57.9;20;62.21;59.52;433.07;35.666666666666664;35;45;30;40;15.0;7;30;40;35;0;1;1;0.0;36.5
63.5;82.38;68.87;0;60.81;20;62.21;61.43;449.49;33.733333333333334;30;35;30;40;15.0;7;30;30;39;0;1;3;0.0;15.666666666666666
66.17;52.54;53.19;0;45.2;4;70.87;61.96;416.95;32.46666666666667;30;35;30;35;15.0;7;35;30;33;0;1;1;0.0;37.666666666666664
69.01;45.84;71.9;0;45.2;11;62.21;61.43;426.63;34.333333333333336;30;40;46;35;15.0;7;30;30;32;0;1;1;0.0;39.0
68.39;59.21;61.28;0;47.74;11;62.11;59.52;439.82;35.666666666666664;30;35;40;35;15.0;7;40;40;35;0;1;1;0.0;42.611111111111114
78.36;62.13;75.16;0;62.46;18;67.8;75.02;485.23;30.333333333333332;15;35;40;45;8.0;5;45;45;20;2;1;2;7.0;3.0
63.02;44.51;75.95;0;62.46;8;56.41;57.08;438.87;34.733333333333334;30;35;35;45;15.0;7;40;30;34;0;1;4;0.0;32.388888888888886
63.5;64.24;50.4;0;51.89;11;56.55;64.44;414.1;35.06666666666667;33;30;35;40;15.0;7;40;45;33;0;1;2;0.0;33.22222222222222
72.05;58.01;75.95;0;75.71;3;77.28;72.45;504.6;33.333333333333336;30;40;35;40;15.0;7;30;40;30;0;1;1;0.0;35.611111111111114
72.05;85.05;83.7;1;69.52;16;56.55;69.64;461.97;38.333333333333336;40;45;35;45;15.0;7;35;40;35;0;1;1;0.0;39.833333333333336
60.51;81.98;68.87;1;65.24;11;62.11;61.43;447.9;32.0;30;35;30;40;15.0;7;30;40;30;0;1;1;0.0;32.0
55.89;59.21;68.87;0;63.68;11;59.4;59.0;442.24;31.933333333333334;27;35;30;40;12.0;6;30;40;32;1;1;4;3.0;35.44444444444444
68.39;55.62;57.8;0;65.24;7;62.11;56.56;436.53;30.333333333333332;30;35;35;35;11.0;6;30;30;25;1;1;1;4.0;3.0
69.01;41.66;65.98;0;54.95;9;59.4;75.02;443.54;33.6;30;35;35;40;15.0;7;35;40;31;0;1;1;0.0;33.44444444444444
69.01;88.85;57.8;0;75.71;11;70.87;59.0;469.24;31.066666666666666;32;30;30;35;15.0;7;30;35;30;0;1;3;0.0;28.666666666666668
66.17;48.42;65.98;0;60.81;10;59.4;69.14;442.63;35.0;35;45;35;40;15.0;7;30;40;30;0;1;1;0.0;37.0
72.05;71.98;75.16;0;54.95;20;67.92;75.02;478.06;36.2;35;41;44;40;15.0;7;39;30;30;0;2;1;0.0;36.0
55.89;57.29;52.34;0;45.2;4;50.6;56.56;375.82;31.933333333333334;30;35;30;40;15.0;7;30;35;31;0;1;1;0.0;41.166666666666664
63.5;54.92;79.57;1;41.38;20;70.87;59.52;439.89;32.0;30;35;30;40;15.0;7;30;40;30;0;1;1;0.0;34.5
68.39;49.66;65.98;0;47.74;20;59.27;63.93;440.15;35.2;34;40;41;40;15.0;7;30;40;31;0;1;2;0.0;35.5
75.41;43.11;57.8;0;60.81;10;50.6;56.56;418.06;30.733333333333334;30;30;31;35;15.0;7;30;30;31;0;1;2;0.0;31.5
60.91;56.82;57.8;0;69.52;7;67.92;51.58;438.46;27.8;25;35;31;40;8.0;5;30;30;20;2;2;4;7.0;29.4
99.33;83.41;61.56;0;48.86;11;63.4;34.86;439.23;37.93333333333333;35;37;48;30;15.0;7;42;40;35;0;3;1;0.0;35.0
72.05;65.57;57.8;1;63.68;20;70.87;66.48;453.13;36.666666666666664;40;45;35;35;15.0;7;35;45;30;0;1;1;0.0;36.94444444444444
65.63;59.67;61.28;1;59.66;20;59.27;59.52;436.22;34.0;30;40;35;40;15.0;7;35;40;30;0;1;1;0.0;38.888888888888886
74.62;53.27;61.28;1;74.04;11;62.11;72.45;458.93;38.0;40;45;35;40;15.0;7;35;40;35;0;1;1;0.0;38.0
71.35;88.85;58.6;0;59.66;8;64.91;72.45;471.92;31.0;30;35;30;35;15.0;7;30;30;30;0;1;1;0.0;33.611111111111114
65.63;58.01;61.28;0;62.46;7;67.8;61.96;442.89;30.533333333333335;28;35;30;40;8.0;5;30;40;26;2;1;4;7.0;33.0
66.17;59.21;61.28;0;72.54;20;53.63;66.99;456.17;34.0;35;40;30;40;15.0;7;30;45;30;0;1;1;0.0;32.333333333333336
79.26;64.24;63.2;0;69.52;3;62.21;75.02;469.84;34.4;32;35;40;35;15.0;7;40;35;30;0;1;2;0.0;35.166666666666664
60.51;75.1;63.99;0;74.04;18;67.8;72.45;470.33;39.733333333333334;43;35;45;45;15.0;7;45;40;33;0;1;2;0.0;41.77777777777778
65.63;69.93;52.34;0;62.46;11;62.11;71.97;433.63;35.6;33;35;40;45;15.0;7;45;30;30;0;1;2;0.0;23.333333333333332
68.39;59.67;68.87;1;62.46;16;56.41;86.89;470.25;37.86666666666667;35;35;35;45;15.0;7;45;40;37;0;1;1;0.0;37.666666666666664
65.63;64.24;57.8;1;65.24;18;67.8;63.93;433.81;35.46666666666667;34;35;40;35;15.0;7;45;35;30;0;1;3;0.0;34.333333333333336
75.41;48.86;58.6;1;57.9;18;59.4;82.67;459.03;35.0;34;35;30;40;15.0;7;45;35;32;0;1;3;0.0;32.77777777777778
65.63;73.68;71.9;0;53.93;20;59.27;61.43;452.46;31.0;20;40;45;45;8.0;5;45;40;15;2;1;1;7.0;22.0
68.39;69.93;61.28;0;62.46;18;67.8;66.99;459.21;36.0;35;40;40;40;15.0;7;35;45;30;0;1;2;0.0;40.666666666666664
63.02;50.1;52.34;0;56.82;10;64.91;59.0;420.25;38.4;30;40;40;40;15.0;7;45;40;39;0;1;1;0.0;37.0
66.17;54.92;68.87;0;63.68;7;62.21;71.97;457.43;35.2;30;40;40;40;15.0;7;40;30;32;0;1;1;0.0;35.888888888888886
72.05;56.09;87.87;0;69.52;20;59.4;69.14;485.61;41.0;35;40;40;40;15.0;7;45;40;45;0;1;1;0.0;42.05555555555556
75.41;79.4;83.7;1;72.54;16;65.03;57.08;481.89;37.6;30;40;40;40;15.0;7;40;30;41;0;1;1;0.0;37.388888888888886
65.63;73.24;72.69;1;62.46;11;56.41;69.64;463.14;35.0;30;30;40;40;15.0;7;45;45;30;0;1;1;0.0;37.27777777777778
69.01;55.62;71.9;0;48.66;19;59.4;71.97;439.3;42.333333333333336;40;40;40;45;15.0;7;45;40;45;0;1;1;0.0;43.833333333333336
60.91;69.93;66.77;1;72.54;9;59.4;69.64;463.46;34.0;30;40;35;40;15.0;7;35;40;30;0;1;1;0.0;37.111111111111114
78.36;58.01;60.48;0;44.32;1;59.27;59.0;431.82;30.466666666666665;30;38;35;15;10.0;5;40;30;24;2;1;4;5.0;19.625
53.16;68.86;52.34;0;65.24;20;67.8;63.93;432.21;33.0;21;44;35;45;12.0;6;35;35;31;1;1;4;3.0;34.0
65.63;61.66;68.87;1;56.82;8;62.11;63.93;442.37;33.333333333333336;30;30;40;35;15.0;7;40;35;30;0;1;1;0.0;36.0
83.87;62.94;60.48;1;66.58;16;77.28;69.14;470.26;37.06666666666667;37;35;40;35;15.0;7;40;40;35;0;1;2;0.0;36.111111111111114
66.17;64.7;63.99;1;57.9;19;56.55;66.99;446.54;35.666666666666664;30;40;45;45;15.0;7;40;30;30;0;1;1;0.0;41.0
79.26;71.98;65.98;1;79.06;7;65.03;69.14;483.02;38.2;40;35;40;45;15.0;7;45;40;32;0;1;2;0.0;38.666666666666664
69.01;44.51;66.77;0;60.81;20;56.55;69.64;437.78;34.13333333333333;34;42;30;40;15.0;7;35;36;30;0;1;2;0.0;35.611111111111114
63.5;44.51;60.48;0;63.68;20;59.4;66.48;447.34;32.333333333333336;30;30;40;35;15.0;7;35;30;30;0;1;1;0.0;33.72222222222222
69.01;79.4;60.48;0;69.52;11;62.21;63.93;439.28;34.86666666666667;34;30;35;40;15.0;7;40;35;34;0;1;4;0.0;30.533333333333335
63.5;58.47;66.77;1;72.54;11;56.55;66.99;455.19;35.0;30;40;40;40;15.0;7;40;35;30;0;1;1;0.0;38.44444444444444
60.51;61.66;63.2;1;62.46;11;62.11;61.43;435.33;33.53333333333333;36;30;35;35;15.0;7;40;30;30;0;1;4;0.0;33.388888888888886
71.35;61.66;53.19;1;62.46;10;77.1;72.45;475.05;39.0;35;35;45;45;15.0;7;40;35;40;0;1;1;0.0;40.888888888888886
66.17;69.93;52.34;0;60.81;20;65.03;54.1;422.18;33.46666666666667;30;30;30;40;15.0;7;30;40;38;0;1;1;0.0;32.27777777777778
60.91;57.29;60.48;0;75.71;8;65.03;63.93;456.16;30.0;30;35;30;40;11.0;6;30;30;25;1;2;3;4.0;4.75
75.41;68.41;75.16;0;51.89;10;62.21;66.48;441.74;35.4;32;35;40;40;15.0;7;45;35;30;0;1;2;0.0;32.94444444444444
58.38;82.38;66.77;1;60.81;6;70.87;64.44;448.01;33.53333333333333;30;39;35;35;15.0;7;40;30;30;0;1;1;0.0;36.111111111111114
72.05;75.52;53.19;0;60.81;9;67.92;52.07;442.63;31.133333333333333;30;32;28;35;13.0;6;36;30;30;1;4;2;2.0;19.0
60.91;55.62;61.28;0;69.52;11;65.03;59.52;442.07;33.86666666666667;30;35;40;40;11.0;6;40;40;27;1;1;5;4.0;30.166666666666668
69.01;47.15;60.48;1;48.66;11;62.21;54.1;417.38;34.0;30;30;40;35;15.0;7;45;35;30;0;1;1;0.0;30.0
75.41;69.93;47.48;0;54.95;11;50.6;72.45;425.16;35.86666666666667;33;39;40;30;15.0;7;40;35;34;0;1;3;0.0;30.0
60.51;58.47;53.19;0;62.46;10;73.83;57.08;434.85;34.0;30;35;40;30;15.0;7;45;30;30;0;1;2;0.0;33.27777777777778
74.62;68.86;49.51;0;62.46;11;64.91;71.97;456.4;34.46666666666667;32;31;40;39;15.0;7;40;40;30;0;1;2;0.0;34.388888888888886
60.91;67.41;66.77;0;63.68;10;65.03;75.48;453.75;38.666666666666664;35;45;40;40;15.0;7;40;45;35;0;1;1;0.0;41.833333333333336
75.41;59.21;63.2;0;57.9;8;62.21;69.14;457.96;32.666666666666664;30;35;30;30;15.0;7;45;30;30;0;1;1;0.0;32.0
53.37;53.27;63.99;1;60.81;8;65.03;66.99;444.73;32.46666666666667;31;35;30;40;15.0;7;30;40;31;0;1;2;0.0;35.0
71.35;62.13;75.16;0;71.0;19;56.41;61.43;454.47;34.733333333333334;33;35;35;35;15.0;7;40;35;33;0;1;2;0.0;39.77777777777778
69.01;69.93;65.98;1;69.52;7;65.03;63.93;460.27;34.333333333333336;30;35;40;45;15.0;7;40;30;30;0;1;1;0.0;35.166666666666664
75.41;54.45;63.2;0;54.95;9;59.4;71.97;447.18;35.6;35;42;40;30;15.0;7;40;35;30;0;1;1;0.0;32.72222222222222
60.91;65.57;55.92;0;54.95;8;70.87;61.96;432.05;34.2;31;35;40;35;15.0;7;40;35;30;0;1;4;0.0;35.05555555555556
66.17;62.94;58.6;1;48.66;16;53.63;69.64;423.25;34.666666666666664;30;35;40;40;15.0;7;45;30;30;0;1;1;0.0;30.0
65.63;53.27;63.2;0;56.82;11;53.5;59.0;426.21;33.86666666666667;31;35;35;35;15.0;7;40;40;30;0;1;2;0.0;36.0
69.01;54.45;61.28;0;45.2;20;53.63;61.96;420.67;33.333333333333336;30;30;40;40;15.0;7;40;30;30;0;1;1;0.0;35.833333333333336
72.05;81.98;63.99;1;57.9;8;59.4;69.64;461.5;37.333333333333336;35;35;45;45;15.0;7;45;40;30;0;1;1;0.0;34.888888888888886
71.35;65.57;68.87;1;71.0;8;67.8;63.93;469.38;33.0;30;30;35;40;15.0;7;40;35;30;0;1;1;0.0;37.333333333333336
53.16;64.24;58.6;1;62.46;20;64.91;69.64;417.49;34.333333333333336;30;30;40;35;15.0;7;45;40;30;0;1;1;0.0;36.611111111111114
58.05;68.41;82.9;1;71.0;10;73.83;63.93;476.14;39.333333333333336;35;45;40;45;15.0;7;45;40;35;0;1;1;0.0;39.05555555555556
60.51;71.98;63.99;1;62.46;7;67.8;59.52;452.79;35.93333333333333;33;35;40;45;15.0;7;40;45;30;0;1;4;0.0;34.94444444444444
65.63;77.13;60.48;1;71.0;18;70.74;71.97;475.48;35.86666666666667;30;30;40;30;15.0;7;45;40;37;0;1;1;0.0;36.77777777777778
66.17;58.47;66.77;0;66.58;7;56.55;64.44;456.53;35.4;37;30;40;35;15.0;7;45;35;30;0;1;3;0.0;33.22222222222222
71.35;54.45;69.65;0;59.66;16;62.11;72.45;469.11;37.93333333333333;35;35;40;40;15.0;7;45;40;36;0;1;1;0.0;24.6
45.38;50.87;47.48;0;63.68;20;62.21;57.08;404.67;30.0;25;30;40;45;8.0;5;45;40;15;2;1;5;7.0;10.333333333333334
69.01;58.01;68.87;0;51.89;20;56.55;59.0;446.87;36.06666666666667;34;35;40;45;15.0;7;45;30;31;0;1;2;0.0;30.733333333333334
58.05;47.58;49.51;0;65.24;8;64.91;61.43;427.2;36.733333333333334;30;40;40;45;15.0;7;30;40;39;0;1;1;0.0;37.77777777777778
55.89;56.82;69.65;0;60.81;8;59.4;66.99;443.12;30.8;30;35;30;35;11.0;6;40;35;23;1;1;1;4.0;32.6
71.35;62.94;63.2;0;53.93;7;73.83;59.0;445.2;38.733333333333334;40;40;45;45;15.0;7;45;36;30;0;1;1;0.0;24.88888888888889
55.89;73.68;75.95;0;63.68;7;70.87;66.99;450.65;33.86666666666667;30;30;40;30;15.0;7;40;40;32;0;1;2;0.0;33.833333333333336
60.51;58.47;58.6;0;50.93;4;64.91;59.52;420.69;33.333333333333336;30;40;40;40;15.0;7;30;30;30;0;1;1;0.0;34.111111111111114
78.36;58.01;60.48;0;50.93;19;62.11;51.58;416.78;30.333333333333332;30;30;35;45;11.0;6;40;30;20;1;1;3;4.0;14.2
63.02;48.42;58.6;1;62.46;8;64.91;66.99;438.79;34.266666666666666;30;30;40;40;15.0;7;45;30;31;0;1;4;0.0;35.333333333333336
81.33;68.31;54.16;0;32.21;20;60.16;58.82;410.68;36.6;31;37;39;38;15.0;7;47;32;35;0;1;1;0.0;25.166666666666668
67.28;69.93;61.52;0;52.03;16;58.33;76.27;432.88;38.733333333333334;37;37;37;39;15.0;7;47;37;38;0;1;1;0.0;33.94444444444444
64.12;66.95;55.21;1;61.84;7;58.33;65.81;426.17;36.4;33;38;37;38;15.0;7;47;41;31;0;1;1;0.0;37.27777777777778
61.16;68.41;47.34;1;52.03;5;64.85;61.2;412.56;34.46666666666667;34;33;35;37;15.0;7;42;38;30;0;1;1;0.0;32.666666666666664
68.85;87.56;58.75;0;48.56;20;64.17;51.07;405.71;36.266666666666666;30;40;36;37;15.0;7;40;33;38;0;1;1;0.0;38.55555555555556
74.79;73.24;59.32;1;36.96;10;56.32;63.39;397.55;37.93333333333333;36;37;37;38;15.0;7;42;43;37;0;1;1;0.0;37.44444444444444
69.96;67.41;59.89;0;48.75;11;54.28;55.8;403.81;35.6;32;30;37;39;15.0;7;45;35;35;0;1;1;0.0;25.333333333333332
88.88;56.48;56.82;0;46.77;20;50.37;54.3;400.71;30.4;34;35;0;10;12.0;5;40;38;39;2;1;1;3.0;14.0
76.1;50.86;67.79;1;46.79;20;52.42;56.55;404.6;35.13333333333333;31;34;38;35;15.0;7;44;43;31;0;1;1;0.0;33.611111111111114
67.28;61.66;59.89;0;44.91;4;64.85;57.63;403.12;39.4;42;37;39;37;15.0;7;45;38;37;0;1;1;0.0;36.22222222222222
66.56;81.98;61.52;1;48.75;10;56.23;53.65;399.16;37.2;41;36;33;38;15.0;7;37;41;36;0;1;1;0.0;37.72222222222222
65.46;62.69;47.62;0;46.79;11;59.95;56.55;388.6;35.0;33;39;36;38;15.0;7;40;34;31;0;1;2;0.0;31.555555555555557
67.28;59.21;66.5;0;39.78;20;58.33;55.44;398.6;33.333333333333336;30;33;36;36;15.0;7;40;36;30;0;1;2;0.0;36.22222222222222
55.27;56.82;55.21;0;46.43;10;58.25;59.17;396.06;38.8;42;43;40;37;15.0;7;48;33;31;0;1;1;0.0;38.111111111111114
61.16;73.24;67.08;0;52.03;10;60.38;54.03;406.64;33.2;31;30;31;40;15.0;7;40;35;32;0;1;1;0.0;31.666666666666668
61.49;56.48;54.77;1;55.96;8;61.03;50.85;400.67;33.06666666666667;32;30;33;37;15.0;7;40;33;31;0;1;2;0.0;36.833333333333336
55.27;69.93;55.79;1;44.08;20;52.31;59.53;390.96;39.4;37;38;40;38;15.0;7;44;38;40;0;1;1;0.0;39.0
70.78;68.86;55.79;1;52.03;7;54.35;61.55;395.67;37.0;30;38;40;40;15.0;7;48;37;34;0;1;1;0.0;37.166666666666664
65.93;45.94;54.13;0;51.21;7;58.05;56.98;394.91;38.4;42;37;40;39;15.0;7;39;43;34;0;1;1;0.0;40.388888888888886
63.76;71.12;65.04;0;47.29;14;62.78;51.89;398.73;37.86666666666667;40;39;36;39;15.0;7;48;31;33;0;1;1;0.0;36.888888888888886
60.6;94.05;55.21;1;53.3;16;62.45;57.27;400.35;35.733333333333334;33;39;34;37;15.0;7;42;38;33;0;1;1;0.0;33.888888888888886
74.79;65.57;55.79;1;54.39;10;56.32;54.03;391.98;36.93333333333333;32;42;40;37;15.0;7;44;41;32;0;1;1;0.0;39.666666666666664
61.16;61.66;49.94;1;56.79;19;54.35;55.8;392.4;36.46666666666667;34;39;40;37;15.0;7;44;38;31;0;1;1;0.0;36.166666666666664
61.16;75.1;57.23;1;49.69;8;60.38;57.27;393.94;41.666666666666664;41;44;44;41;15.0;7;43;39;40;0;1;1;0.0;41.5
58.38;45.84;57.8;0;52.03;10;52.4;50.53;392.02;33.93333333333333;30;33;34;37;15.0;7;44;36;31;0;1;1;0.0;36.388888888888886
66.56;79.81;55.21;1;46.43;11;58.25;57.27;389.24;34.13333333333333;31;30;38;39;15.0;7;39;38;32;0;1;1;0.0;36.888888888888886
60.6;54.92;49.34;1;65.95;7;50.31;55.44;395.05;36.53333333333333;31;40;37;41;15.0;7;47;38;32;0;1;1;0.0;38.388888888888886
63.47;81.98;55.79;1;48.75;9;52.31;59.53;391.24;39.266666666666666;40;39;38;39;15.0;7;45;42;36;0;1;1;0.0;37.888888888888886
56.46;39.05;50.78;0;64.01;11;54.54;49.12;396.43;35.4;36;44;37;39;15.0;7;36;30;30;0;1;3;0.0;34.666666666666664
63.47;53.27;51.3;1;60.48;5;52.31;63.39;396.47;34.666666666666664;32;33;39;36;15.0;7;45;34;30;0;1;1;0.0;38.55555555555556
61.4;53.32;51.94;0;51.65;18;52.97;57.36;388.74;30.733333333333334;20;31;40;36;12.0;6;35;33;30;1;1;3;3.0;34.0
64.12;77.55;51.3;0;47.31;16;54.35;48.39;379.27;31.066666666666666;30;30;38;38;11.0;6;43;32;21;1;1;2;4.0;17.0
60.6;57.29;59.89;0;46.43;16;52.31;52.28;382.83;35.46666666666667;30;45;39;39;15.0;7;40;35;30;0;1;2;0.0;35.0
54.94;59.9;54.13;0;51.21;11;56.37;51.26;384.68;36.53333333333333;33;42;37;36;15.0;7;42;39;33;0;1;1;0.0;34.888888888888886
67.28;60.44;59.32;0;39.78;20;46.27;57.27;379.6;33.0;30;32;36;37;15.0;7;40;32;30;0;1;2;0.0;31.75
68.85;54.64;64.2;1;38.84;19;55.57;52.9;383.7;32.266666666666666;26;30;38;32;12.0;6;41;36;30;1;1;3;3.0;44.0
66.56;75.52;35.73;0;39.03;20;56.23;57.27;361.51;35.2;26;48;38;43;12.0;6;39;37;30;1;1;3;3.0;45.0
61.16;54.45;49.34;1;47.31;16;58.33;53.65;381.06;39.06666666666667;40;35;40;35;15.0;7;41;43;39;0;1;2;0.0;39.166666666666664
63.47;68.41;51.3;1;55.62;19;60.29;51.9;387.44;38.6;33;45;40;42;15.0;7;43;42;35;0;1;1;0.0;36.44444444444444
57.27;48.4;45.5;1;46.1;10;56.18;49.27;372.7;35.06666666666667;33;34;38;38;15.0;7;40;41;31;0;1;2;0.0;37.166666666666664
60.6;89.24;59.32;1;51.03;13;52.31;48.39;381.27;33.666666666666664;30;42;33;34;15.0;7;40;31;30;0;1;2;0.0;34.333333333333336
65.93;58.59;51.9;1;46.38;8;56.37;53.09;377.98;36.06666666666667;32;44;39;37;15.0;7;43;32;31;0;1;3;0.0;39.77777777777778
59.77;31.34;47.62;0;57.15;19;55.57;52.62;383.83;34.13333333333333;30;35;35;37;15.0;7;35;31;36;0;1;1;0.0;34.388888888888886
55.69;62.13;55.79;1;56.79;15;54.35;55.8;388.86;38.733333333333334;36;44;40;41;15.0;7;44;40;34;0;1;1;0.0;36.72222222222222
60.6;58.01;55.21;0;46.43;11;52.31;55.44;377.2;30.933333333333334;30;30;36;31;11.0;6;34;35;27;1;1;1;4.0;42.0
61.16;53.27;59.32;0;47.31;6;56.32;48.39;380.21;36.2;35;41;39;35;15.0;7;40;39;31;0;1;3;0.0;35.166666666666664
64.12;69.93;64.45;0;39.78;12;54.35;54.03;378.48;32.13333333333333;25;37;39;35;12.0;6;35;30;30;1;1;3;3.0;31.0
73.85;54.45;62.09;0;48.75;16;50.31;46.93;377.1;35.266666666666666;37;39;33;38;15.0;7;41;34;30;0;1;3;0.0;32.94444444444444
57.11;47.17;51.95;0;49.23;10;54.32;52.62;377.46;36.0;33;42;40;39;15.0;7;41;36;30;0;1;2;0.0;36.611111111111114
60.49;52.09;40.94;0;50.76;11;53.22;48.97;365.54;34.8;31;41;39;35;15.0;7;40;30;31;0;1;2;0.0;35.05555555555556
50.18;55.62;43.82;0;48.75;8;50.31;52.28;366.92;36.0;40;37;37;37;15.0;7;38;35;31;0;1;3;0.0;35.0
60.6;54.45;49.94;1;46.43;7;56.23;46.93;371.97;34.06666666666667;31;36;38;34;15.0;7;40;36;30;0;1;2;0.0;34.666666666666664
61.16;70.37;59.32;1;47.31;16;56.32;55.44;382.78;35.86666666666667;30;44;35;36;15.0;7;41;36;34;0;1;2;0.0;39.111111111111114
60.6;66.03;51.3;0;55.62;18;62.45;55.44;383.29;32.53333333333333;27;34;35;36;12.0;6;39;31;31;1;1;3;3.0;32.75
61.16;44.51;53.82;1;54.39;10;54.35;46.93;378.21;35.0;30;40;40;34;15.0;7;42;37;30;0;1;1;0.0;35.05555555555556
55.69;53.27;55.79;1;47.31;11;56.32;50.53;379.29;34.8;32;35;38;40;15.0;7;42;36;30;0;1;2;0.0;34.27777777777778
55.27;60.9;53.82;1;41.63;20;58.25;57.63;375.01;34.93333333333333;31;30;39;37;15.0;7;42;36;34;0;1;3;0.0;35.5
59.77;41.43;41.07;1;51.75;20;56.37;48.96;367.92;35.4;35;38;38;39;15.0;7;41;33;30;0;1;2;0.0;35.111111111111114
52.71;44.51;53.24;0;41.63;20;48.29;59.17;368.36;35.6;40;35;36;38;15.0;7;42;30;30;0;1;2;0.0;31.27777777777778
64.12;59.67;47.34;0;47.31;20;54.35;46.58;362.53;35.46666666666667;27;43;40;41;12.0;6;42;40;30;1;1;3;3.0;32.666666666666664
55.27;56.82;57.8;0;48.75;20;54.28;54.03;377.15;39.93333333333333;40;39;41;37;15.0;7;38;38;42;0;1;2;0.0;35.888888888888886
67.28;58.01;55.79;0;52.03;11;56.32;45.05;377.2;36.4;41;32;37;33;15.0;7;42;36;33;0;1;3;0.0;36.22222222222222
65.46;48.4;56.51;1;49.23;11;52.56;50.78;371.96;40.333333333333336;33;44;46;43;15.0;7;47;37;38;0;1;1;0.0;34.333333333333336
55.27;58.01;59.32;0;51.03;7;58.25;57.27;378.29;34.06666666666667;31;36;38;37;15.0;7;40;33;30;0;1;1;0.0;34.27777777777778
64.12;53.27;55.21;1;52.03;20;52.4;59.17;380.77;34.06666666666667;30;39;38;36;15.0;7;40;31;30;0;1;2;0.0;34.5
53.05;60.9;49.94;0;47.31;8;50.41;46.93;368.31;32.13333333333333;30;30;36;34;15.0;7;38;30;30;0;1;1;0.0;33.72222222222222
58.94;65.1;50.78;0;46.77;20;58.8;45.59;363.01;34.86666666666667;30;37;42;42;11.0;6;42;33;29;1;1;2;4.0;38.0
57.88;61.66;51.88;0;41.63;11;58.25;54.03;367.76;37.6;34;39;41;41;15.0;7;43;39;34;0;1;2;0.0;41.111111111111114
57.88;56.82;53.24;0;53.3;4;48.29;50.15;373.36;33.93333333333333;31;32;40;40;15.0;7;38;32;31;0;1;2;0.0;38.5
50.18;62.94;57.8;0;46.43;3;62.45;55.8;381.99;36.46666666666667;38;33;40;37;15.0;7;44;38;31;0;2;2;0.0;30.0
62.53;45.63;49.77;0;46.79;4;61.41;50.78;368.8;32.13333333333333;30;35;38;33;11.0;6;41;31;25;1;1;2;4.0;35.0
57.88;67.41;49.94;1;48.75;18;56.23;54.03;372.22;34.733333333333334;30;35;41;43;15.0;7;40;32;31;0;1;1;0.0;35.0
58.38;48.86;49.94;0;44.91;7;58.33;50.53;365.77;31.466666666666665;23;34;38;33;8.0;5;43;36;26;2;1;2;7.0;27.444444444444443
69.96;40.54;51.3;1;51.03;7;48.29;57.27;370.34;36.4;35;36;41;40;15.0;7;43;37;31;0;1;1;0.0;34.666666666666664
57.34;55.95;53.46;0;45.93;18;56.74;57.67;375.78;33.13333333333333;30;31;31;35;15.0;7;41;34;33;0;1;3;0.0;35.22222222222222
57.88;64.24;43.16;1;55.62;8;56.23;51.9;370.31;36.6;33;35;41;42;15.0;7;40;36;35;0;1;2;0.0;34.72222222222222
69.96;52.08;43.16;0;51.03;18;52.31;44.7;358.36;34.46666666666667;30;38;41;41;15.0;7;39;30;30;0;1;2;0.0;32.05555555555556
60.6;66.95;55.21;0;44.08;4;58.25;46.58;365.13;35.53333333333333;30;36;40;39;15.0;7;44;36;32;0;3;2;0.0;37.111111111111114
52.71;43.53;47.96;0;41.63;5;52.31;50.53;360.27;32.46666666666667;30;31;37;38;15.0;7;36;31;30;0;1;2;0.0;26.0
66.56;69.93;57.23;1;44.08;6;54.28;48.39;369.64;32.86666666666667;31;35;37;38;11.0;6;40;30;27;1;1;3;4.0;40.0
55.69;56.82;55.21;1;44.91;16;62.55;48.39;368.65;36.93333333333333;42;38;36;40;15.0;7;42;32;31;0;1;2;0.0;35.388888888888886
61.16;54.45;36.54;1;52.03;7;50.41;48.76;356.46;32.6;24;38;40;39;8.0;5;44;30;26;2;1;2;7.0;25.666666666666668
46.45;47.17;53.07;1;48.86;8;50.37;47.62;353.43;36.46666666666667;33;42;40;40;15.0;7;42;32;32;0;1;3;0.0;28.2
64.11;0.0;47.96;1;47.31;20;50.41;54.02;423.85;36.0;30;41;38;38;15.0;7;42;30;35;0;1;2;0.0;34.666666666666664
59.0;43.0;63.0;1;60.0;20;91.0;63.0;474.0;38.333333333333336;33;38;43;42;15.0;7;43;42;36;0;1;1;0.0;39.94444444444444
76.0;41.0;59.0;0;33.0;11;77.0;62.0;443.0;32.333333333333336;31;32;31;30;15.0;7;37;34;32;0;1;1;0.0;33.72222222222222
102.0;55.0;76.0;0;44.0;19;53.0;55.0;449.0;33.4;31;34;38;40;15.0;7;35;34;30;0;1;2;0.0;38.27777777777778
76.0;50.0;63.0;0;84.0;2;58.0;67.0;483.0;35.0;32;34;38;42;15.0;7;41;37;31;0;1;2;0.0;37.333333333333336
76.0;49.0;63.0;0;53.0;3;91.0;55.0;457.0;34.0;34;35;38;32;15.0;7;38;34;30;0;1;2;0.0;34.72222222222222
68.0;63.0;63.0;0;84.0;3;68.0;59.0;478.0;33.13333333333333;30;35;39;34;15.0;7;36;33;30;0;1;1;0.0;21.77777777777778
76.0;55.0;68.0;0;59.0;8;63.0;67.0;452.0;32.733333333333334;31;41;33;37;15.0;7;31;31;30;0;1;1;0.0;35.44444444444444
63.0;63.0;63.0;0;69.0;10;68.0;63.0;464.0;44.86666666666667;44;46;50;50;15.0;7;41;49;42;0;1;1;0.0;4.0
63.0;61.0;59.0;0;60.0;1;69.0;59.0;447.0;31.533333333333335;30;34;32;32;15.0;7;31;37;30;0;1;3;0.0;15.5
68.0;56.0;55.0;0;53.0;9;69.0;59.0;436.0;40.06666666666667;34;40;46;44;15.0;7;37;41;42;0;1;1;0.0;24.0
86.0;45.0;51.0;1;53.0;10;69.0;46.0;417.0;33.6;30;31;43;40;15.0;7;35;36;30;0;1;1;0.0;26.666666666666668
76.0;60.0;63.0;0;59.0;9;57.0;41.0;424.0;36.333333333333336;32;41;40;46;15.0;7;41;39;30;0;1;1;0.0;36.27777777777778
63.0;43.0;63.0;0;49.0;8;78.0;56.0;437.0;33.666666666666664;31;33;38;30;15.0;7;39;38;31;0;1;1;0.0;35.44444444444444
63.0;58.0;77.0;0;54.0;10;69.0;56.0;448.0;35.06666666666667;32;36;33;30;15.0;7;37;36;38;0;1;1;0.0;43.77777777777778
69.0;58.0;63.0;1;53.0;10;68.0;59.0;435.0;37.46666666666667;30;42;42;35;15.0;7;44;41;35;0;1;1;0.0;37.77777777777778
69.0;58.0;68.0;0;60.0;8;63.0;74.0;453.0;37.8;35;36;42;39;15.0;7;42;31;38;0;1;1;0.0;45.44444444444444
76.0;56.0;68.0;0;60.0;1;58.0;47.0;431.0;33.06666666666667;33;34;31;31;15.0;7;37;38;31;0;1;1;0.0;36.27777777777778
76.0;53.0;55.0;1;53.0;3;63.0;67.0;423.0;34.06666666666667;30;41;30;35;15.0;7;39;34;33;0;1;1;0.0;33.888888888888886
64.0;43.0;68.0;0;53.0;20;57.0;58.0;434.0;38.13333333333333;34;44;45;42;15.0;7;37;40;34;0;1;1;0.0;43.388888888888886
64.0;58.0;48.0;1;48.0;9;69.0;67.0;419.0;37.0;30;40;41;41;15.0;7;40;38;36;0;1;1;0.0;38.5
68.0;43.0;58.0;0;84.0;20;69.0;41.0;446.0;37.06666666666667;30;39;43;43;15.0;7;39;37;36;0;1;1;0.0;36.44444444444444
68.0;66.0;69.0;0;49.0;4;63.0;47.0;421.0;36.6;38;42;35;39;15.0;7;35;40;33;0;1;1;0.0;38.333333333333336
68.0;58.0;63.0;0;53.0;20;57.0;56.0;425.0;33.733333333333334;33;30;33;34;15.0;7;43;33;32;0;1;3;0.0;35.888888888888886
63.0;61.0;59.0;0;69.0;1;63.0;56.0;432.0;32.46666666666667;30;30;31;32;15.0;7;39;33;33;0;1;2;0.0;37.0
63.0;43.0;68.0;1;69.0;10;63.0;63.0;445.0;34.333333333333336;30;42;37;36;15.0;7;36;39;30;0;1;1;0.0;35.333333333333336
64.0;49.0;51.0;0;60.0;10;78.0;55.0;425.0;34.666666666666664;32;36;40;41;15.0;7;38;35;30;0;1;1;0.0;34.94444444444444
64.0;43.0;59.0;1;69.0;19;62.0;62.0;433.0;34.266666666666666;31;35;37;41;15.0;7;37;38;31;0;1;3;0.0;35.833333333333336
68.0;43.0;55.0;1;45.0;19;50.0;53.0;404.0;34.0;30;36;37;38;15.0;7;39;38;30;0;1;2;0.0;39.55555555555556
75.0;45.0;63.0;0;69.0;20;63.0;53.0;432.0;33.2;30;36;40;35;11.0;6;39;31;28;1;1;1;4.0;20.666666666666668
69.0;56.0;68.0;0;53.0;10;69.0;49.0;423.0;32.8;30;33;34;31;15.0;7;33;31;35;0;1;1;0.0;27.666666666666668
59.0;56.0;69.0;1;69.0;20;57.0;59.0;437.0;40.2;41;46;35;37;15.0;7;44;41;38;0;1;1;0.0;38.611111111111114
60.0;55.0;55.0;0;44.0;20;68.0;55.0;409.0;37.13333333333333;30;36;43;41;15.0;7;41;42;36;0;1;1;0.0;38.611111111111114
60.0;43.0;55.0;1;53.0;6;63.0;55.0;411.0;38.13333333333333;30;38;41;41;15.0;7;41;41;40;0;1;1;0.0;37.5
68.0;50.0;51.0;1;60.0;16;69.0;59.0;421.0;34.86666666666667;35;30;42;37;15.0;7;41;35;30;0;1;2;0.0;36.166666666666664
60.0;56.0;55.0;0;44.0;7;78.0;59.0;410.0;34.666666666666664;30;39;41;41;15.0;7;34;37;31;0;1;2;0.0;36.611111111111114
63.0;53.0;69.0;1;60.0;20;63.0;53.0;425.0;39.333333333333336;45;40;40;44;15.0;7;41;41;32;0;1;2;0.0;36.05555555555556
59.0;60.0;55.0;0;60.0;11;62.0;50.0;417.0;37.46666666666667;37;36;43;42;15.0;7;43;37;32;0;1;2;0.0;39.833333333333336
64.0;50.0;63.0;0;53.0;4;62.0;67.0;427.0;39.6;35;41;43;43;15.0;7;40;38;40;0;1;1;0.0;47.111111111111114
60.0;60.0;58.0;0;59.0;20;58.0;67.0;425.0;34.4;30;35;41;40;15.0;7;37;36;31;0;1;1;0.0;35.55555555555556
56.0;77.0;58.0;0;44.0;8;69.0;46.0;405.0;29.733333333333334;28;34;32;37;7.0;4;39;19;24;3;1;3;8.0;39.0
63.0;56.0;55.0;0;60.0;4;57.0;56.0;419.0;35.06666666666667;35;32;34;35;15.0;7;37;36;36;0;1;2;0.0;37.44444444444444
63.0;50.0;63.0;0;60.0;4;54.0;59.0;419.0;30.0;23;35;40;37;8.0;5;34;34;23;2;1;3;7.0;13.0
64.0;43.0;59.0;0;49.0;19;63.0;47.0;402.0;28.933333333333334;21;34;40;39;8.0;5;31;30;23;2;1;2;7.0;2.0
60.0;58.0;63.0;0;49.0;16;63.0;52.0;414.0;35.733333333333334;36;39;41;39;15.0;7;38;33;30;0;1;2;0.0;38.0
64.0;47.0;68.0;1;49.0;20;63.0;55.0;413.0;38.93333333333333;40;42;40;38;15.0;7;42;42;34;0;1;2;0.0;37.5
55.0;53.0;59.0;0;60.0;4;62.0;56.0;420.0;44.8;47;45;43;41;15.0;7;43;44;46;0;1;1;0.0;43.94444444444444
64.0;43.0;51.0;1;53.0;10;54.0;52.0;399.0;37.666666666666664;42;44;39;39;15.0;7;37;40;30;0;1;2;0.0;37.666666666666664
55.0;52.0;68.0;0;53.0;19;62.0;56.0;418.0;34.733333333333334;31;36;40;43;15.0;7;37;35;31;0;1;1;0.0;34.55555555555556
68.0;39.0;41.0;0;60.0;10;57.0;56.0;396.0;34.8;34;30;37;41;15.0;7;41;31;33;0;2;2;0.0;37.05555555555556
64.12;68.41;57.23;1;59.25;11;56.32;63.39;411.42;42.2;35;44;41;42;15.0;7;45;38;47;0;1;1;0.0;36.333333333333336
60.0;77.0;45.0;1;59.0;4;58.0;67.0;410.0;38.93333333333333;37;47;42;45;15.0;7;43;40;31;0;1;2;0.0;35.72222222222222
63.0;49.0;58.0;1;60.0;13;57.0;47.0;409.0;34.86666666666667;30;39;35;36;15.0;7;40;41;32;0;1;1;0.0;37.166666666666664
59.0;50.0;51.0;0;60.0;19;69.0;53.0;408.0;40.06666666666667;33;45;42;42;15.0;7;43;40;40;0;1;1;0.0;43.72222222222222
59.0;56.0;55.0;0;60.0;8;53.0;53.0;401.0;38.666666666666664;37;44;42;44;15.0;7;44;37;32;0;1;2;0.0;36.333333333333336
61.16;49.66;62.09;0;49.69;9;54.35;57.63;404.1;31.866666666666667;36;36;39;32;11.0;6;41;30;19;1;2;2;4.0;20.333333333333332
55.0;45.0;58.0;0;53.0;18;78.0;44.0;407.0;35.53333333333333;34;35;43;41;15.0;7;39;36;30;0;1;2;0.0;32.05555555555556
60.0;43.0;51.0;0;44.0;5;58.0;52.0;391.0;34.53333333333333;34;42;41;37;11.0;6;41;31;25;1;1;3;4.0;34.0
64.0;43.0;48.0;1;40.0;1;68.0;52.0;385.0;35.06666666666667;33;39;40;36;15.0;7;39;35;30;0;1;2;0.0;41.166666666666664
63.0;50.0;55.0;1;60.0;20;54.0;59.0;412.0;38.53333333333333;33;41;41;38;15.0;7;43;39;38;0;1;1;0.0;37.22222222222222
76.0;41.0;51.0;1;36.0;13;50.0;50.0;375.0;38.46666666666667;33;42;40;38;15.0;7;42;40;38;0;1;1;0.0;36.111111111111114
52.0;53.0;59.0;0;60.0;7;58.0;53.0;409.0;34.8;34;37;38;32;15.0;7;40;34;31;0;1;2;0.0;26.333333333333332
76.0;49.0;48.0;0;53.0;10;50.0;47.0;383.0;35.333333333333336;37;40;36;34;15.0;7;38;37;30;0;1;3;0.0;36.388888888888886
68.0;43.0;58.0;0;49.0;20;58.0;59.0;398.0;32.86666666666667;30;36;34;34;15.0;7;38;33;30;0;1;3;0.0;36.77777777777778
69.0;49.0;59.0;0;69.0;16;53.0;52.0;412.0;36.2;38;33;35;35;15.0;7;40;38;35;0;1;2;0.0;33.44444444444444
69.0;47.0;55.0;1;36.0;10;54.0;55.0;380.0;35.6;30;40;41;36;15.0;7;43;40;30;0;1;1;0.0;39.72222222222222
55.0;50.0;51.0;0;37.0;20;53.0;59.0;384.0;35.6;31;39;43;34;15.0;7;42;35;31;0;1;2;0.0;38.611111111111114
52.0;49.0;76.0;0;53.0;8;57.0;52.0;423.0;35.333333333333336;30;41;43;32;15.0;7;42;36;30;0;1;2;0.0;37.22222222222222
68.0;60.0;59.0;1;60.0;19;58.0;53.0;405.0;38.2;30;41;42;39;15.0;7;45;40;37;0;1;1;0.0;38.666666666666664
59.0;50.0;55.0;1;54.0;8;58.0;53.0;399.0;35.86666666666667;35;38;41;31;15.0;7;43;38;30;0;1;3;0.0;35.72222222222222
63.0;49.0;48.0;0;45.0;11;50.0;50.0;381.0;36.2;34;38;42;34;15.0;7;37;37;34;0;1;2;0.0;35.5
60.0;56.0;51.0;1;40.0;10;69.0;55.0;387.0;35.6;36;34;42;35;15.0;7;41;37;30;0;1;3;0.0;37.611111111111114
59.0;71.0;55.0;0;49.0;14;63.0;59.0;402.0;34.46666666666667;34;33;38;33;15.0;7;39;38;31;0;1;3;0.0;33.833333333333336
51.0;60.0;55.0;0;69.0;18;63.0;56.0;414.0;34.86666666666667;30;38;34;35;15.0;7;34;38;37;0;1;2;0.0;37.72222222222222
68.0;43.0;51.0;1;53.0;7;69.0;53.0;391.0;28.066666666666666;31;20;38;35;8.0;4;32;25;22;3;1;2;7.0;18.0
59.0;52.0;63.0;0;49.0;4;54.0;50.0;395.0;32.733333333333334;31;33;35;36;15.0;7;35;36;30;0;1;2;0.0;23.38888888888889
64.0;50.0;59.0;1;44.0;11;69.0;55.0;394.0;34.13333333333333;30;38;40;35;15.0;7;37;37;30;0;1;3;0.0;39.833333333333336
59.0;58.0;63.0;1;69.0;20;63.0;56.0;419.0;39.86666666666667;39;47;45;37;15.0;7;45;42;32;0;1;1;0.0;40.5
59.0;47.0;51.0;1;49.0;8;57.0;50.0;387.0;20.666666666666668;13;6;32;30;5.0;3;36;13;20;4;1;2;10.0;10.0
64.0;53.0;55.0;0;59.0;11;58.0;52.0;400.0;33.93333333333333;30;36;40;32;15.0;7;37;37;31;0;1;2;0.0;35.77777777777778
76.0;30.0;45.0;0;36.0;11;54.0;55.0;371.0;34.46666666666667;30;30;32;31;15.0;7;39;34;40;0;1;2;0.0;37.77777777777778
64.0;39.0;48.0;0;53.0;20;63.0;50.0;390.0;33.13333333333333;30;32;38;34;15.0;7;35;39;31;0;1;1;0.0;36.77777777777778
68.0;58.0;48.0;1;49.0;10;63.0;56.0;386.0;34.46666666666667;30;41;39;34;15.0;7;33;39;32;0;1;3;0.0;35.833333333333336
63.0;50.0;59.0;1;54.0;20;62.0;50.0;404.0;32.93333333333333;28;31;45;36;8.0;5;40;38;26;2;1;3;7.0;29.0
49.84;43.48;46.32;1;49.38;18;54.87;55.57;366.27;36.46666666666667;19;33;43;35;12.0;6;41;37;46;1;1;3;3.0;3.0
60.0;55.0;55.0;1;60.0;20;57.0;55.0;436.0;40.266666666666666;40;38;48;43;15.0;7;37;43;38;0;1;1;0.0;37.77777777777778
69.0;55.0;68.0;0;53.0;5;78.0;59.0;454.0;36.46666666666667;31;36;46;44;15.0;7;37;40;33;0;1;1;0.0;36.611111111111114
79.0;56.0;55.0;0;69.0;10;63.0;54.0;444.0;34.13333333333333;33;32;37;40;15.0;7;34;39;32;0;1;1;0.0;34.666666666666664
75.0;56.0;68.0;1;60.0;18;63.0;56.0;448.0;36.266666666666666;32;37;41;43;15.0;7;38;37;34;0;1;1;0.0;41.833333333333336
75.0;88.0;55.0;0;48.0;6;61.0;56.0;420.0;36.266666666666666;39;38;40;42;15.0;7;34;41;30;0;1;1;0.0;36.333333333333336
65.0;60.0;56.0;1;57.0;9;63.0;57.0;428.0;35.0;30;35;43;44;15.0;7;36;43;30;0;1;1;0.0;36.27777777777778
67.28;73.24;63.88;0;61.84;20;64.85;71.9;446.33;34.666666666666664;31;30;39;41;15.0;7;34;36;36;0;1;2;0.0;33.05555555555556
71.0;47.0;58.0;1;50.0;20;48.0;60.0;420.0;37.53333333333333;39;37;41;42;15.0;7;37;42;33;0;1;1;0.0;14.0
85.0;60.0;48.0;0;49.0;18;62.0;53.0;410.0;22.933333333333334;16;30;38;30;7.0;4;40;26;6;3;2;2;8.0;22.0
63.0;83.0;53.0;0;47.0;19;59.0;59.0;419.0;33.666666666666664;31;35;38;42;15.0;7;30;40;31;0;1;1;0.0;15.0
62.0;48.0;61.0;1;57.0;10;63.0;59.0;428.0;37.333333333333336;40;43;41;43;15.0;7;35;39;30;0;1;2;0.0;36.166666666666664
63.0;47.0;63.0;1;60.0;6;57.0;56.0;432.0;32.93333333333333;33;34;48;44;11.0;6;36;35;20;1;1;1;4.0;24.0
63.0;74.0;51.0;1;60.0;8;69.0;53.0;425.0;34.8;37;34;40;40;15.0;7;33;37;30;0;1;1;0.0;11.0
86.0;45.0;68.0;0;48.0;20;57.0;52.0;415.0;34.333333333333336;31;31;35;40;15.0;7;34;34;37;0;1;1;0.0;24.0
62.0;65.0;60.0;0;55.0;11;59.0;62.0;426.0;32.8;31;30;37;41;15.0;7;35;34;30;0;1;2;0.0;31.0
63.0;60.0;55.0;0;49.0;19;69.0;63.0;424.0;37.46666666666667;42;38;43;42;15.0;7;37;38;30;0;1;1;0.0;34.666666666666664
59.0;68.0;49.0;0;49.0;7;61.0;61.0;411.0;32.266666666666666;31;35;35;39;15.0;7;31;30;30;0;1;1;0.0;13.333333333333334
90.0;56.0;48.0;0;37.0;11;52.0;54.0;389.0;34.86666666666667;35;32;39;42;15.0;7;37;36;31;0;1;1;0.0;35.166666666666664
60.0;50.0;55.0;0;60.0;2;63.0;67.0;425.0;35.46666666666667;36;32;44;42;15.0;7;33;40;31;0;1;1;0.0;36.0
68.0;50.0;58.0;0;53.0;8;63.0;53.0;417.0;33.333333333333336;35;33;39;39;11.0;6;38;36;25;1;1;1;4.0;6.0
65.0;68.0;58.0;1;60.0;20;72.0;53.0;420.0;35.46666666666667;30;42;44;43;15.0;7;34;39;30;0;1;1;0.0;32.888888888888886
65.0;68.0;53.0;1;55.0;18;59.0;56.0;408.0;36.06666666666667;30;41;46;42;15.0;7;36;43;30;0;1;1;0.0;38.72222222222222
68.0;52.0;57.0;0;55.0;4;59.0;56.0;410.0;37.2;37;38;32;42;15.0;7;32;37;41;0;1;1;0.0;31.22222222222222
76.0;45.0;68.0;0;53.0;20;58.0;50.0;415.0;36.4;43;35;35;43;15.0;7;35;36;32;0;1;1;0.0;32.55555555555556
69.0;55.0;51.0;1;44.0;19;63.0;47.0;392.0;33.86666666666667;30;37;41;41;15.0;7;34;33;30;0;1;1;0.0;37.77777777777778
56.0;50.0;63.0;0;53.0;11;57.0;58.0;429.0;35.666666666666664;33;35;46;44;15.0;7;34;42;30;0;1;1;0.0;18.38888888888889
71.0;55.0;56.0;0;42.0;20;54.0;53.0;398.0;34.86666666666667;31;38;37;40;15.0;7;36;32;34;0;1;1;0.0;28.166666666666668
72.36;45.94;56.34;0;48.56;20;52.56;56.77;403.51;37.4;39;34;38;41;15.0;7;37;41;36;0;1;1;0.0;34.0
65.0;47.0;51.0;0;48.0;16;56.0;55.0;399.0;35.53333333333333;31;39;44;42;15.0;7;34;40;31;0;1;1;0.0;36.94444444444444
69.96;54.45;55.79;0;53.3;9;46.16;50.53;401.78;33.666666666666664;35;32;35;39;15.0;7;36;35;30;0;1;2;0.0;33.0
60.0;56.0;63.0;1;53.0;20;62.0;50.0;410.0;37.0;39;32;41;36;15.0;7;37;42;35;0;1;2;0.0;38.333333333333336
62.0;60.0;55.0;1;55.0;20;59.0;56.0;408.0;33.6;30;30;40;36;15.0;7;40;34;31;0;1;1;0.0;35.333333333333336
76.0;50.0;55.0;1;53.0;8;54.0;55.0;406.0;25.666666666666668;20;34;32;35;8.0;5;38;30;13;2;1;2;7.0;2.0
56.0;58.0;63.0;0;40.0;11;78.0;49.0;406.0;33.93333333333333;33;35;37;30;15.0;7;39;38;30;0;1;1;0.0;36.111111111111114
63.0;50.0;63.0;1;69.0;20;57.0;50.0;423.0;38.13333333333333;37;37;41;33;15.0;7;39;30;41;0;1;1;0.0;36.611111111111114
65.0;47.0;53.0;0;47.0;10;59.0;57.0;400.0;35.13333333333333;33;30;40;39;15.0;7;44;41;30;0;1;2;0.0;39.333333333333336
59.0;45.0;59.0;0;45.0;20;63.0;67.0;410.0;35.733333333333334;32;38;39;37;15.0;7;40;37;33;0;1;2;0.0;37.111111111111114
56.0;60.0;68.0;0;53.0;11;54.0;52.0;413.0;27.066666666666666;24;30;36;39;8.0;5;40;39;11;2;1;2;7.0;7.0
59.0;43.0;63.0;0;53.0;11;69.0;59.0;420.0;32.46666666666667;32;31;34;33;15.0;7;34;32;32;0;2;3;0.0;32.333333333333336
52.0;60.0;55.0;0;60.0;11;78.0;55.0;423.0;33.13333333333333;30;32;36;30;15.0;7;34;33;35;0;2;2;0.0;36.611111111111114
57.0;83.0;48.0;0;46.0;11;56.0;54.0;392.0;32.4;32;33;38;33;11.0;6;38;35;26;1;1;2;4.0;19.0
71.0;42.0;57.0;1;46.0;7;52.0;58.0;399.0;37.06666666666667;39;33;40;43;15.0;7;41;44;31;0;1;1;0.0;38.72222222222222
65.0;60.0;55.0;0;48.0;5;59.0;56.0;402.0;34.6;37;30;42;38;15.0;7;33;40;30;0;1;2;0.0;34.27777777777778
69.0;55.0;53.0;1;55.0;9;61.0;54.0;404.0;36.333333333333336;39;33;39;37;15.0;7;42;39;31;0;1;1;0.0;35.833333333333336
65.0;72.0;60.0;1;53.0;20;57.0;62.0;409.0;36.8;38;30;41;43;15.0;7;44;37;32;0;1;1;0.0;39.94444444444444
68.0;46.0;51.0;1;53.0;20;59.0;50.0;395.0;35.4;34;40;37;36;15.0;7;40;39;30;0;1;1;0.0;37.611111111111114
68.0;43.0;45.0;0;41.0;20;58.0;56.0;385.0;36.333333333333336;36;32;39;35;15.0;7;43;38;34;0;1;2;0.0;35.27777777777778
78.55;60.44;61.52;0;46.43;16;48.29;53.65;395.13;20.8;0;34;39;41;8.0;5;38;33;4;2;2;2;7.0;30.0
73.85;47.15;59.32;1;41.63;3;54.28;59.17;399.32;34.266666666666666;25;37;42;39;12.0;6;39;40;31;1;1;2;3.0;32.0
59.0;65.0;58.0;1;65.0;11;54.0;56.0;410.0;35.4;38;39;38;37;15.0;7;37;32;30;0;1;2;0.0;37.111111111111114
59.0;50.0;63.0;1;60.0;16;62.0;56.0;414.0;29.866666666666667;28;35;35;34;8.0;5;38;30;21;2;1;2;7.0;31.0
69.0;43.0;55.0;0;44.0;16;45.0;50.0;385.0;33.333333333333336;35;31;36;38;15.0;7;36;31;30;0;1;3;0.0;33.833333333333336
75.0;52.0;53.0;1;39.0;20;41.0;47.0;372.0;35.86666666666667;30;36;41;34;15.0;7;44;36;34;0;1;1;0.0;34.27777777777778
64.0;50.0;59.0;0;40.0;4;68.0;50.0;389.0;21.8;12;25;30;32;6.0;4;36;33;11;3;1;3;9.0;12.0
63.0;77.0;73.0;0;57.0;18;46.0;61.0;415.0;35.8;40;34;35;31;15.0;7;43;38;31;0;1;2;0.0;39.166666666666664
69.0;49.0;59.0;0;49.0;11;53.0;41.0;390.0;35.0;33;35;41;37;15.0;7;38;33;32;0;1;3;0.0;35.5
69.0;45.0;48.0;0;44.0;20;54.0;52.0;379.0;37.733333333333334;41;41;38;37;15.0;7;43;42;30;0;1;1;0.0;38.833333333333336
68.0;55.0;58.0;0;60.0;4;63.0;50.0;403.0;26.266666666666666;17;30;31;31;8.0;5;38;30;21;2;1;3;7.0;9.0
55.0;71.0;55.0;0;49.0;20;63.0;59.0;400.0;41.6;43;43;43;35;15.0;7;40;40;42;0;1;1;0.0;45.833333333333336
56.0;43.0;58.0;0;48.0;8;57.0;55.0;397.0;32.46666666666667;30;36;40;33;15.0;7;30;32;30;0;1;3;0.0;33.666666666666664
60.0;50.0;48.0;0;60.0;5;54.0;47.0;393.0;34.53333333333333;31;38;40;36;15.0;7;37;39;30;0;1;2;0.0;35.666666666666664
54.0;75.0;55.0;1;64.0;20;59.0;60.0;413.0;36.6;33;41;42;37;15.0;7;43;37;31;0;1;1;0.0;37.72222222222222
53.0;41.0;58.0;1;59.0;4;69.0;44.0;402.0;35.4;30;42;41;36;15.0;7;37;37;32;0;1;2;0.0;36.166666666666664
59.0;50.0;51.0;1;53.0;10;62.0;59.0;393.0;34.0;31;36;40;35;15.0;7;39;32;30;0;1;2;0.0;33.666666666666664
69.0;43.0;51.0;0;32.0;20;57.0;52.0;376.0;29.8;30;26;20;36;7.0;4;40;37;28;3;2;3;8.0;37.0
62.0;48.0;46.0;1;63.0;3;71.0;55.0;399.0;35.53333333333333;34;31;47;37;15.0;7;40;38;30;0;1;2;0.0;34.5
54.0;51.0;58.0;0;48.0;20;57.0;57.0;395.0;31.733333333333334;30;30;30;30;15.0;7;36;32;33;0;1;3;0.0;32.0
63.0;53.0;48.0;0;53.0;7;58.0;50.0;385.0;32.733333333333334;31;33;36;31;15.0;7;35;39;30;0;1;3;0.0;34.111111111111114
56.0;49.0;76.0;0;53.0;6;63.0;52.0;412.0;18.133333333333333;7;17;14;30;3.0;2;30;27;18;5;1;3;12.0;18.0
59.0;68.0;53.0;1;53.0;4;63.0;52.0;392.0;32.13333333333333;30;37;36;30;15.0;7;33;30;30;0;1;2;0.0;34.77777777777778
75.0;45.0;41.0;1;33.0;11;63.0;50.0;364.0;32.13333333333333;30;30;35;32;15.0;7;38;34;30;0;1;3;0.0;32.388888888888886
56.0;47.0;68.0;0;60.0;4;63.0;52.0;411.0;34.06666666666667;36;35;34;39;15.0;7;36;34;30;0;1;3;0.0;35.5
65.86;48.86;56.48;1;51.66;1;55.41;49.03;387.74;35.8;35;36;44;32;15.0;7;40;36;31;0;1;2;0.0;33.666666666666664
68.0;43.0;48.0;1;53.0;13;54.0;47.0;385.0;35.333333333333336;32;44;33;38;15.0;7;41;40;30;0;1;2;0.0;37.833333333333336
72.0;42.0;51.0;0;50.0;11;54.0;56.0;387.0;33.0;34;34;34;33;15.0;7;35;34;30;0;1;2;0.0;35.666666666666664
63.0;49.0;59.0;1;45.0;5;69.0;47.0;390.0;35.86666666666667;30;43;38;35;15.0;7;40;31;35;0;1;2;0.0;35.833333333333336
60.0;43.0;63.0;0;53.0;8;53.0;50.0;398.0;33.2;30;30;40;35;15.0;7;37;35;31;0;1;2;0.0;33.333333333333336
59.0;50.0;63.0;1;60.0;6;54.0;50.0;402.0;32.13333333333333;17;34;37;41;12.0;6;32;40;36;1;1;3;3.0;30.0
59.0;45.0;55.0;0;49.0;11;54.0;59.0;397.0;33.666666666666664;34;30;39;37;15.0;7;38;32;30;0;1;2;0.0;26.333333333333332
63.0;56.0;55.0;0;54.0;16;54.0;44.0;385.0;32.4;30;32;36;36;15.0;7;36;32;30;0;1;3;0.0;29.733333333333334
57.0;46.0;51.0;1;50.0;18;54.0;52.0;382.0;32.6;31;33;37;34;15.0;7;32;30;32;0;1;3;0.0;37.22222222222222
60.0;45.0;49.0;0;48.0;1;59.0;54.0;383.0;32.06666666666667;32;30;35;39;15.0;7;33;30;30;0;1;2;0.0;35.0
64.0;68.0;55.0;1;53.0;7;54.0;52.0;388.0;35.2;36;38;33;31;15.0;7;35;37;35;0;1;2;0.0;37.166666666666664
64.0;52.0;51.0;1;44.0;8;62.0;47.0;380.0;26.866666666666667;21;32;33;31;8.0;5;34;35;19;2;1;3;7.0;25.0
63.0;50.0;59.0;0;69.0;8;53.0;59.0;408.0;39.733333333333334;37;37;39;38;15.0;7;40;39;44;0;1;1;0.0;41.166666666666664
65.0;70.0;55.0;1;48.0;9;52.0;58.0;385.0;35.2;31;32;37;38;15.0;7;32;39;39;0;1;3;0.0;36.77777777777778
57.0;60.0;58.0;0;60.0;9;59.0;55.0;396.0;34.333333333333336;35;31;35;35;15.0;7;39;33;33;0;2;2;0.0;32.4
62.0;42.0;47.0;0;43.0;6;50.0;53.0;368.0;33.13333333333333;30;31;35;34;15.0;7;38;37;32;0;1;2;0.0;34.888888888888886
64.0;47.0;51.0;0;44.0;11;69.0;52.0;379.0;31.933333333333334;30;37;34;30;11.0;6;36;37;27;1;1;3;4.0;36.0
56.0;53.0;58.0;0;53.0;11;58.0;55.0;392.0;36.0;35;32;32;33;15.0;7;39;40;39;0;2;2;0.0;36.0
64.0;43.0;51.0;1;60.0;12;58.0;52.0;388.0;34.53333333333333;36;32;38;39;15.0;7;37;37;30;0;1;2;0.0;35.166666666666664
59.0;43.0;58.0;1;45.0;19;58.0;53.0;381.0;31.866666666666667;30;30;31;37;15.0;7;37;35;30;0;1;3;0.0;35.5
54.0;51.0;44.0;1;53.0;19;54.0;56.0;380.0;32.93333333333333;32;34;30;39;15.0;7;36;39;30;0;1;3;0.0;34.77777777777778
59.0;52.0;59.0;0;49.0;8;63.0;53.0;387.0;33.666666666666664;35;30;39;32;15.0;7;40;30;30;0;1;2;0.0;30.666666666666668
59.0;60.0;44.0;0;50.0;20;54.0;50.0;371.0;34.13333333333333;31;36;38;34;15.0;7;39;39;30;0;1;1;0.0;37.94444444444444
52.0;36.0;59.0;1;49.0;7;58.0;50.0;353.0;32.53333333333333;30;33;30;37;15.0;7;40;35;30;0;2;3;0.0;26.166666666666668
55.0;41.0;55.0;1;60.0;3;69.0;53.0;385.0;34.06666666666667;33;34;38;35;15.0;7;41;31;30;0;1;2;0.0;34.72222222222222
68.0;56.0;63.0;1;49.0;5;46.0;47.0;384.0;36.266666666666666;35;32;47;35;15.0;7;43;40;30;0;1;2;0.0;35.611111111111114
69.0;45.0;38.0;0;59.0;18;54.0;58.0;375.0;21.6;17;16;18;30;4.0;3;30;35;20;4;2;3;11.0;21.0
85.0;59.0;64.0;0;53.0;20;70.0;64.0;466.0;37.733333333333334;36;40;40;41;15.0;7;40;41;34;0;1;2;0.0;37.611111111111114
90.0;80.0;60.0;0;63.0;9;53.0;60.0;447.0;36.93333333333333;31;41;42;39;15.0;7;40;40;34;0;1;2;0.0;37.77777777777778
73.0;65.0;61.0;0;51.0;11;75.0;55.0;440.0;34.4;31;36;42;37;15.0;7;38;30;31;0;1;2;0.0;35.333333333333336
81.0;77.0;56.0;1;53.0;19;61.0;60.0;432.0;37.4;35;36;45;44;15.0;7;41;32;34;0;1;2;0.0;38.111111111111114
73.0;55.0;64.0;1;47.0;8;59.0;64.0;432.0;35.4;30;36;40;45;15.0;7;42;36;31;0;1;2;0.0;36.22222222222222
81.0;57.0;56.0;0;47.0;20;55.0;62.0;421.0;33.46666666666667;31;35;33;40;15.0;7;38;37;30;0;1;3;0.0;35.0
73.0;83.0;54.0;0;58.0;9;64.0;58.0;432.0;35.733333333333334;35;36;32;37;15.0;7;40;38;35;0;1;2;0.0;37.77777777777778
70.0;61.0;64.0;0;50.0;8;61.0;59.0;432.0;35.2;32;37;40;40;15.0;7;41;36;30;0;1;2;0.0;35.5
70.0;63.0;58.0;1;55.0;10;64.0;58.0;434.0;38.333333333333336;32;40;47;45;15.0;7;43;42;33;0;1;2;0.0;32.833333333333336
67.0;61.0;61.0;1;54.0;19;62.0;61.0;433.0;33.733333333333334;30;30;39;47;15.0;7;37;37;30;0;1;2;0.0;37.0
72.0;54.0;53.0;0;60.0;5;68.0;57.0;425.0;43.13333333333333;46;46;43;47;15.0;7;46;44;37;0;1;1;0.0;46.55555555555556
74.0;51.0;64.0;0;34.0;7;59.0;61.0;414.0;35.333333333333336;37;38;40;34;15.0;7;35;35;31;0;1;2;0.0;33.833333333333336
74.0;53.0;67.0;0;45.0;19;53.0;61.0;425.0;33.666666666666664;35;33;33;34;15.0;7;37;32;32;0;1;2;0.0;34.111111111111114
85.0;65.0;48.0;0;45.0;20;55.0;51.0;398.0;35.2;37;38;36;35;15.0;7;39;36;30;0;1;3;0.0;35.833333333333336
70.0;47.0;64.0;0;42.0;19;57.0;61.0;419.0;34.666666666666664;31;36;34;37;15.0;7;40;34;34;0;1;2;0.0;34.05555555555556
70.0;72.0;57.0;0;53.0;10;57.0;59.0;421.0;37.333333333333336;40;42;42;36;15.0;7;40;36;30;0;1;2;0.0;35.44444444444444
60.0;63.0;63.0;0;59.0;10;78.0;49.0;434.0;38.8;39;47;43;45;15.0;7;40;36;31;0;1;2;0.0;36.125
80.0;63.0;63.0;1;56.0;3;59.0;58.0;429.0;38.666666666666664;39;41;42;44;15.0;7;42;41;32;0;1;2;0.0;40.333333333333336
73.0;65.0;52.0;1;59.0;9;62.0;59.0;419.0;35.6;31;39;44;37;15.0;7;40;38;30;0;1;2;0.0;36.77777777777778
67.0;83.0;60.0;0;55.0;16;57.0;58.0;426.0;36.266666666666666;36;35;44;47;15.0;7;40;31;30;0;1;2;0.0;36.72222222222222
81.0;56.0;58.0;1;30.0;12;64.0;65.0;403.0;32.266666666666666;30;31;40;33;11.0;6;39;33;27;1;1;2;4.0;33.0
77.0;65.0;54.0;0;45.0;7;61.0;60.0;410.0;36.46666666666667;37;37;40;44;15.0;7;40;38;30;0;1;2;0.0;42.388888888888886
64.0;55.0;56.0;0;60.0;9;57.0;60.0;422.0;35.13333333333333;30;41;38;35;15.0;7;38;40;32;0;1;2;0.0;36.333333333333336
73.0;80.0;63.0;0;50.0;5;55.0;60.0;419.0;38.2;32;39;43;44;15.0;7;41;31;39;0;1;2;0.0;35.333333333333336
64.0;61.0;54.0;1;56.0;16;70.0;64.0;420.0;32.6;30;30;33;30;15.0;7;38;39;32;0;1;3;0.0;30.0
76.0;42.0;63.0;0;42.0;20;60.0;56.0;411.0;35.86666666666667;33;34;41;39;15.0;7;41;40;32;0;1;2;0.0;38.72222222222222
70.0;53.0;69.0;1;57.0;8;52.0;59.0;420.0;37.86666666666667;38;40;39;33;15.0;7;42;35;36;0;1;2;0.0;40.388888888888886
72.0;60.0;59.0;0;66.0;10;60.0;57.0;422.0;44.266666666666666;45;45;41;39;15.0;7;45;40;47;0;1;1;0.0;46.0
70.0;50.0;55.0;1;51.0;14;53.0;61.0;406.0;35.666666666666664;33;35;42;39;15.0;7;41;41;30;0;1;1;0.0;40.111111111111114
68.0;47.0;59.0;0;49.0;10;63.0;44.0;403.0;29.666666666666668;21;30;36;34;8.0;5;37;34;27;2;1;3;7.0;31.0
64.0;77.0;58.0;1;55.0;20;57.0;55.0;414.0;34.46666666666667;32;32;34;34;15.0;7;38;43;34;0;1;2;0.0;34.0
74.0;59.0;56.0;0;53.0;7;59.0;55.0;408.0;34.2;33;33;39;34;15.0;7;41;34;30;0;1;2;0.0;35.55555555555556
61.0;57.0;63.0;0;50.0;19;59.0;53.0;414.0;36.266666666666666;34;41;33;43;15.0;7;40;39;33;0;1;2;0.0;36.111111111111114
68.0;60.0;65.0;0;50.0;9;51.0;60.0;413.0;33.6;31;35;34;35;15.0;7;37;36;32;0;1;1;0.0;39.94444444444444
70.0;61.0;61.0;0;48.0;1;57.0;55.0;409.0;33.8;32;30;40;33;15.0;7;35;40;32;0;1;2;0.0;38.27777777777778
63.0;43.0;55.0;0;49.0;10;58.0;56.0;403.0;34.2;31;33;39;32;15.0;7;39;38;32;0;1;2;0.0;34.72222222222222
77.0;55.0;60.0;0;40.0;5;59.0;56.0;400.0;31.333333333333332;30;30;30;39;15.0;7;34;33;30;0;2;3;0.0;36.0
70.0;75.0;60.0;0;53.0;10;59.0;54.0;409.0;28.533333333333335;25;32;33;32;8.0;5;38;35;20;2;1;2;7.0;33.0
70.0;57.0;59.0;1;62.0;9;57.0;61.0;412.0;35.2;37;35;38;39;15.0;7;39;34;30;0;1;2;0.0;39.55555555555556
73.0;56.0;56.0;0;45.0;4;52.0;53.0;394.0;32.86666666666667;33;43;35;31;11.0;6;36;31;26;1;1;2;4.0;26.75
74.0;70.0;54.0;0;47.0;10;48.0;56.0;394.0;37.333333333333336;34;42;39;39;15.0;7;41;39;34;0;1;1;0.0;38.94444444444444
67.0;53.0;48.0;1;50.0;5;61.0;61.0;401.0;36.0;31;37;34;38;15.0;7;41;41;36;0;1;2;0.0;50.0
67.0;61.0;62.0;0;45.0;20;57.0;61.0;402.0;32.8;30;32;31;36;15.0;7;30;32;37;0;1;2;0.0;34.22222222222222
67.0;45.0;57.0;1;56.0;20;53.0;59.0;407.0;34.13333333333333;31;35;39;36;15.0;7;34;31;34;0;1;3;0.0;33.111111111111114
72.0;59.0;60.0;1;50.0;6;56.0;60.0;405.0;37.266666666666666;32;41;40;47;15.0;7;43;40;32;0;1;1;0.0;39.22222222222222
61.0;57.0;62.0;1;53.0;7;53.0;62.0;410.0;38.0;40;38;38;32;15.0;7;39;40;37;0;1;2;0.0;36.44444444444444
64.0;75.0;65.0;0;45.0;8;64.0;55.0;406.0;31.533333333333335;30;33;38;30;11.0;6;38;31;26;1;1;3;4.0;9.0
70.0;57.0;59.0;0;50.0;20;59.0;57.0;406.0;32.4;29;35;32;35;12.0;6;39;32;30;1;1;3;3.0;31.11111111111111
70.0;52.0;60.0;0;47.0;6;55.0;58.0;402.0;37.6;40;37;32;35;15.0;7;43;33;38;0;2;2;0.0;34.44444444444444
52.0;53.0;63.0;1;55.0;19;58.0;58.0;416.0;33.53333333333333;30;32;39;37;15.0;7;41;32;30;0;1;2;0.0;33.55555555555556
80.0;56.0;58.0;0;37.0;10;51.0;56.0;387.0;39.86666666666667;38;46;42;34;15.0;7;42;42;37;0;1;1;0.0;43.888888888888886
64.0;72.0;57.0;0;53.0;13;53.0;59.0;402.0;36.266666666666666;31;33;41;30;15.0;7;39;43;38;0;2;2;0.0;38.22222222222222
59.0;58.0;59.0;0;54.0;10;57.0;50.0;403.0;32.266666666666666;33;39;31;30;15.0;7;32;31;30;0;1;2;0.0;33.94444444444444
58.0;57.0;58.0;0;45.0;11;64.0;58.0;400.0;38.333333333333336;30;45;46;37;15.0;7;41;44;35;0;1;1;0.0;40.888888888888886
67.0;61.0;56.0;1;48.0;7;57.0;58.0;397.0;34.266666666666666;31;35;36;33;15.0;7;37;40;33;0;1;2;0.0;37.55555555555556
64.0;57.0;61.0;0;46.0;8;55.0;52.0;396.0;39.46666666666667;36;41;41;39;15.0;7;40;45;39;0;1;1;0.0;36.5
65.0;40.0;54.0;1;36.0;7;51.0;57.0;382.0;30.666666666666668;27;30;36;37;8.0;5;40;42;22;2;1;2;7.0;26.0
65.0;58.0;64.0;0;46.0;18;58.0;54.0;400.0;37.13333333333333;35;37;39;33;15.0;7;39;41;37;0;1;1;0.0;39.55555555555556
59.0;52.0;58.0;1;60.0;20;58.0;47.0;402.0;38.0;41;38;40;36;15.0;7;41;37;34;0;1;1;0.0;38.166666666666664
67.0;68.0;54.0;0;61.0;11;57.0;55.0;405.0;37.266666666666666;40;38;42;39;15.0;7;41;34;31;0;1;2;0.0;35.888888888888886
68.0;63.0;54.0;1;50.0;8;56.0;62.0;395.0;32.46666666666667;30;39;36;31;15.0;7;30;36;30;0;1;1;0.0;25.941176470588236
58.0;63.0;56.0;1;50.0;8;58.0;57.0;395.0;37.4;31;41;43;35;15.0;7;42;45;34;0;1;1;0.0;36.5
52.0;72.0;56.0;1;58.0;5;48.0;62.0;402.0;38.6;38;40;45;31;15.0;7;41;46;34;0;1;1;0.0;38.44444444444444
68.0;94.0;56.0;0;50.0;1;54.0;52.0;392.0;38.4;35;38;37;32;15.0;7;42;37;42;0;1;1;0.0;35.44444444444444
65.0;63.0;57.0;0;47.0;11;54.0;55.0;393.0;35.0;34;38;39;37;15.0;7;30;40;33;0;1;2;0.0;37.55555555555556
55.0;59.0;59.0;0;45.0;6;55.0;50.0;392.0;36.86666666666667;30;40;43;32;15.0;7;40;37;37;0;1;1;0.0;34.05555555555556
53.0;48.0;64.0;1;50.0;10;57.0;61.0;405.0;35.4;31;38;37;33;15.0;7;36;39;36;0;1;1;0.0;32.611111111111114
74.0;56.0;58.0;0;42.0;10;52.0;58.0;386.0;36.666666666666664;42;41;39;30;15.0;7;32;42;32;0;2;3;0.0;37.22222222222222
64.0;53.0;57.0;0;56.0;7;52.0;55.0;398.0;39.2;39;38;44;37;15.0;7;40;42;37;0;1;1;0.0;37.611111111111114
68.0;45.0;53.0;0;46.0;20;54.0;55.0;386.0;36.333333333333336;34;40;39;30;15.0;7;38;39;35;0;1;1;0.0;34.94444444444444
64.0;47.0;65.0;0;58.0;7;50.0;62.0;407.0;31.333333333333332;30;31;30;34;15.0;7;37;30;30;0;1;2;0.0;26.88888888888889
56.0;65.0;61.0;0;49.0;11;70.0;51.0;398.0;34.6;30;35;40;37;15.0;7;36;42;32;0;1;2;0.0;35.77777777777778
61.0;59.0;59.0;1;47.0;4;57.0;57.0;394.0;38.93333333333333;37;40;40;39;15.0;7;43;40;37;0;1;2;0.0;34.833333333333336
67.0;46.0;56.0;1;45.0;7;59.0;55.0;390.0;33.93333333333333;31;32;36;30;15.0;7;35;36;36;0;1;2;0.0;37.22222222222222
64.0;41.0;48.0;0;59.0;18;57.0;49.0;385.0;33.6;30;35;33;37;15.0;7;37;35;33;0;1;2;0.0;27.0
55.0;55.0;54.0;1;55.0;20;55.0;54.0;398.0;34.4;34;30;44;30;15.0;7;39;30;32;0;1;2;0.0;38.111111111111114
61.16;50.1;55.79;0;56.79;11;58.33;55.8;396.38;33.333333333333336;38;30;37;30;15.0;7;31;40;30;0;1;3;0.0;32.55555555555556
70.0;51.0;54.0;0;53.0;10;59.0;58.0;395.0;34.86666666666667;34;36;39;33;15.0;7;40;38;30;0;1;2;0.0;34.666666666666664
61.0;63.0;59.0;0;47.0;18;55.0;59.0;395.0;33.0;28;39;35;31;12.0;6;37;30;32;1;1;3;3.0;15.0
58.0;63.0;54.0;1;53.0;20;61.0;56.0;395.0;29.866666666666667;24;35;40;30;8.0;5;31;34;25;2;1;2;7.0;16.0
73.57;54.9;54.77;0;39.79;10;48.26;54.3;387.26;34.6;38;35;33;32;15.0;7;39;39;30;0;1;1;0.0;36.166666666666664
52.06;49.65;57.84;1;46.69;15;60.56;54.29;371.46;47.06666666666667;50;45;45;41;15.0;7;45;45;50;0;1;1;0.0;40.111111111111114
84.0;80.0;53.0;0;75.0;11;65.0;60.0;459.0;35.46666666666667;34;40;33;32;15.0;7;44;36;32;0;1;1;0.0;37.333333333333336
81.0;60.0;58.0;0;50.0;18;55.0;62.0;447.0;33.0;37;29;37;36;9.0;5;36;36;27;2;1;1;6.0;28.0
99.0;56.0;53.0;0;53.0;16;59.0;58.0;432.0;35.86666666666667;38;40;32;37;15.0;7;42;35;31;0;1;1;0.0;36.111111111111114
73.0;60.0;54.0;0;48.0;10;63.0;67.0;431.0;34.6;37;41;36;37;11.0;6;39;39;25;1;1;1;4.0;17.0
75.0;58.0;63.0;0;54.0;4;63.0;53.0;438.0;28.733333333333334;20;35;34;35;7.0;4;33;28;26;3;1;2;8.0;18.0
73.0;61.0;56.0;0;69.0;20;60.0;60.0;442.0;37.733333333333334;33;38;40;44;15.0;7;38;39;38;0;1;1;0.0;33.388888888888886
77.0;75.0;57.0;0;47.0;11;61.0;55.0;422.0;36.06666666666667;37;41;36;39;15.0;7;42;33;30;0;1;1;0.0;36.77777777777778
69.0;56.0;56.0;0;62.0;10;63.0;52.0;430.0;27.6;24;24;32;35;6.0;4;30;35;25;3;1;3;9.0;20.0
72.0;59.0;62.0;1;53.0;20;68.0;58.0;432.0;41.666666666666664;40;45;43;39;15.0;7;43;32;43;0;1;1;0.0;34.94444444444444
78.0;75.0;51.0;1;53.0;18;60.0;65.0;420.0;37.6;39;42;43;32;15.0;7;44;37;30;0;1;1;0.0;34.888888888888886
75.0;50.0;63.0;0;49.0;20;68.0;59.0;423.0;35.46666666666667;40;32;38;30;15.0;7;41;36;31;0;1;1;0.0;36.166666666666664
61.16;58.01;67.08;0;59.25;10;56.32;68.87;443.29;34.666666666666664;35;39;32;34;15.0;7;35;33;34;0;1;2;0.0;35.8
73.0;59.0;56.0;0;45.0;2;57.0;62.0;411.0;36.2;40;41;38;32;15.0;7;39;35;30;0;1;1;0.0;35.388888888888886
78.0;50.0;65.0;0;59.0;20;67.0;52.0;429.0;36.733333333333334;37;43;38;33;15.0;7;42;41;30;0;1;1;0.0;37.333333333333336
65.0;60.0;58.0;1;50.0;20;54.0;55.0;421.0;37.733333333333334;39;42;35;37;15.0;7;42;34;35;0;1;1;0.0;35.0
78.0;58.0;51.0;1;53.0;11;50.0;60.0;406.0;37.0;33;43;40;43;15.0;7;45;37;30;0;1;1;0.0;35.666666666666664
73.0;52.0;65.0;1;50.0;8;60.0;60.0;419.0;39.46666666666667;37;46;35;42;15.0;7;46;37;37;0;1;1;0.0;37.94444444444444
82.69;42.76;53.07;0;44.29;8;56.64;64.8;402.35;36.06666666666667;36;43;38;33;15.0;7;42;30;31;0;1;1;0.0;33.44444444444444
73.0;61.0;54.0;1;56.0;8;54.0;65.0;412.0;37.266666666666666;35;40;42;42;15.0;7;45;38;30;0;1;1;0.0;35.611111111111114
69.0;43.0;58.0;0;59.0;19;57.0;55.0;414.0;20.466666666666665;16;30;31;35;7.0;4;40;22;0;3;1;2;8.0;9.0
67.0;63.0;55.0;1;51.0;8;59.0;54.0;402.0;36.46666666666667;35;41;38;38;15.0;7;44;38;30;0;1;1;0.0;37.333333333333336
74.0;56.0;52.0;1;39.0;20;55.0;64.0;395.0;36.733333333333334;34;41;38;40;15.0;7;44;31;33;0;1;1;0.0;39.72222222222222
67.0;65.0;56.0;1;47.0;20;64.0;60.0;404.0;37.666666666666664;37;45;33;42;15.0;7;43;38;33;0;1;1;0.0;34.611111111111114
64.0;63.0;59.0;0;59.0;20;52.0;51.0;410.0;41.13333333333333;38;46;39;39;15.0;7;45;40;41;0;1;1;0.0;37.833333333333336
55.0;49.0;63.0;1;54.0;10;50.0;53.0;407.0;35.46666666666667;30;37;42;40;15.0;7;42;36;31;0;1;1;0.0;33.833333333333336
67.0;51.0;53.0;1;49.0;8;53.0;63.0;401.0;40.53333333333333;37;47;42;40;15.0;7;44;35;39;0;1;1;0.0;36.166666666666664
69.0;60.0;52.0;1;50.0;18;60.0;60.0;400.0;36.8;34;42;35;34;15.0;7;43;32;36;0;1;1;0.0;20.5
67.0;57.0;52.0;0;53.0;20;52.0;58.0;402.0;37.666666666666664;40;45;35;37;15.0;7;42;36;32;0;1;1;0.0;33.388888888888886
67.0;65.0;51.0;1;60.0;7;57.0;59.0;405.0;36.06666666666667;32;37;40;43;15.0;7;40;32;34;0;1;2;0.0;36.611111111111114
65.0;50.0;57.0;1;65.0;4;70.0;49.0;415.0;35.13333333333333;31;31;40;40;15.0;7;46;40;30;0;1;2;0.0;39.0
53.0;65.0;54.0;1;55.0;8;70.0;55.0;408.0;37.6;40;33;40;45;15.0;7;44;37;32;0;1;2;0.0;35.22222222222222
69.0;43.0;51.0;0;55.0;1;61.0;52.0;398.0;35.0;37;33;39;39;15.0;7;39;33;30;0;1;2;0.0;34.888888888888886
61.0;39.0;51.0;0;35.0;4;63.0;54.0;383.0;31.4;34;31;31;42;11.0;6;38;31;24;1;1;2;4.0;10.0
63.0;52.0;48.0;1;54.0;5;62.0;63.0;402.0;37.6;42;32;39;43;15.0;7;46;41;30;0;1;3;0.0;34.666666666666664
70.0;57.0;49.0;1;43.0;8;50.0;59.0;385.0;40.4;37;33;39;41;15.0;7;44;30;48;0;1;2;0.0;34.666666666666664
72.0;77.0;57.0;1;43.0;16;65.0;59.0;399.0;35.0;30;35;39;44;15.0;7;44;35;30;0;1;2;0.0;35.2
59.0;49.0;51.0;0;54.0;9;50.0;44.0;391.0;35.4;30;34;40;43;15.0;7;48;34;30;0;1;1;0.0;36.0
58.0;60.0;62.0;1;59.0;7;57.0;62.0;411.0;37.2;30;33;39;43;15.0;7;44;41;38;0;1;2;0.0;36.22222222222222
56.0;55.0;63.0;0;53.0;8;58.0;55.0;407.0;35.6;31;38;38;40;15.0;7;41;31;34;0;1;2;0.0;34.888888888888886
69.0;47.0;55.0;1;49.0;1;69.0;41.0;391.0;29.133333333333333;20;33;39;43;8.0;5;44;34;17;2;1;2;7.0;35.0
58.0;58.0;56.0;1;65.0;10;50.0;60.0;408.0;35.2;32;31;41;44;15.0;7;43;38;30;0;1;2;0.0;34.77777777777778
64.0;68.0;58.0;1;45.0;16;57.0;65.0;399.0;39.06666666666667;32;36;42;38;15.0;7;45;34;43;0;1;1;0.0;38.611111111111114
73.0;57.0;52.0;0;46.0;7;54.0;58.0;384.0;26.066666666666666;33;26;30;37;8.0;4;33;25;13;3;1;2;7.0;15.0
67.0;52.0;47.0;0;51.0;20;50.0;66.0;392.0;32.06666666666667;30;25;41;43;13.0;6;33;30;30;1;1;2;2.0;50.0
67.0;72.0;61.0;0;56.0;8;52.0;57.0;403.0;37.86666666666667;31;37;37;42;15.0;7;37;31;45;0;1;2;0.0;35.388888888888886
42.0;60.0;54.0;1;48.0;9;74.0;54.0;399.0;38.0;38;44;41;42;15.0;7;43;38;30;0;1;2;0.0;37.333333333333336
73.0;45.0;54.0;1;43.0;7;54.0;56.0;383.0;38.8;32;44;40;42;15.0;7;43;38;38;0;1;2;0.0;33.333333333333336
69.0;54.0;57.0;0;56.0;10;43.0;62.0;395.0;35.8;34;38;38;38;15.0;7;45;35;30;0;1;2;0.0;19.0
72.0;52.0;46.0;0;55.0;11;53.0;62.0;391.0;38.53333333333333;35;41;40;43;15.0;7;38;36;39;0;1;2;0.0;36.166666666666664
56.0;55.0;62.0;0;55.0;11;59.0;62.0;405.0;34.0;33;37;31;41;15.0;7;40;34;30;0;1;2;0.0;35.333333333333336
62.53;62.69;58.96;1;51.75;18;58.25;54.54;398.05;36.733333333333334;37;41;40;43;15.0;7;41;33;30;0;1;1;0.0;35.72222222222222
48.0;45.0;57.0;1;48.0;11;70.0;54.0;393.0;37.13333333333333;37;40;41;42;15.0;7;42;38;30;0;1;2;0.0;35.388888888888886
63.87;48.43;55.79;0;51.65;8;52.97;73.56;403.88;36.13333333333333;34;42;38;43;15.0;7;39;39;30;0;1;1;0.0;33.5
65.0;80.0;56.0;0;50.0;16;50.0;58.0;390.0;33.86666666666667;41;37;37;40;11.0;6;37;35;22;1;1;3;4.0;15.0
59.0;59.0;59.0;0;50.0;11;53.0;57.0;395.0;41.0;46;45;43;40;15.0;7;44;37;34;0;1;3;0.0;35.77777777777778
58.0;51.0;50.0;0;50.0;10;59.0;52.0;386.0;30.266666666666666;30;28;36;38;9.0;5;34;30;25;2;2;2;6.0;4.0
68.0;43.0;51.0;1;45.0;20;69.0;44.0;379.0;38.86666666666667;31;40;38;42;15.0;7;47;38;40;0;1;1;0.0;36.22222222222222
55.0;51.0;69.0;0;54.0;5;55.0;59.0;408.0;35.733333333333334;36;34;38;41;15.0;7;36;31;35;0;1;2;0.0;36.111111111111114
74.0;40.0;48.0;0;47.0;4;52.0;47.0;377.0;35.0;30;35;39;39;15.0;7;45;30;32;0;1;2;0.0;37.388888888888886
67.0;60.0;56.0;0;48.0;11;57.0;53.0;387.0;35.46666666666667;36;40;38;38;15.0;7;30;30;35;0;1;2;0.0;34.77777777777778
56.0;45.0;48.0;0;53.0;17;63.0;52.0;383.0;28.866666666666667;31;31;31;37;10.0;5;35;29;20;2;1;2;5.0;37.2
69.0;54.0;52.0;0;38.0;19;47.0;58.0;371.0;35.0;32;35;34;40;15.0;7;41;33;34;0;1;2;0.0;28.333333333333332
51.0;75.0;56.0;0;50.0;3;83.0;52.0;397.0;37.333333333333336;36;36;45;38;15.0;7;45;42;30;0;1;3;0.0;37.44444444444444
61.0;63.0;59.0;1;65.0;1;61.0;51.0;398.0;37.2;34;40;45;42;15.0;7;41;38;31;0;1;2;0.0;41.166666666666664
58.0;60.0;46.0;1;42.0;18;47.0;53.0;374.0;36.2;32;41;40;41;15.0;7;40;36;32;0;1;3;0.0;35.27777777777778
69.96;56.82;43.82;1;55.62;1;52.31;50.53;375.37;36.46666666666667;41;30;40;42;15.0;7;41;40;30;0;1;3;0.0;38.27777777777778
58.0;43.0;52.0;1;62.0;18;67.0;56.0;398.0;34.53333333333333;32;30;37;44;15.0;7;43;34;31;0;2;2;0.0;35.0
70.0;51.0;46.0;0;45.0;8;53.0;47.0;368.0;32.266666666666666;38;30;30;38;11.0;6;39;30;26;1;1;2;4.0;37.333333333333336
67.0;42.0;51.0;0;49.0;20;46.0;55.0;381.0;34.86666666666667;32;40;32;38;15.0;7;43;39;30;0;1;2;0.0;35.05555555555556
58.0;94.0;58.0;1;48.0;8;58.0;57.0;391.0;37.8;32;40;44;44;15.0;7;44;43;32;0;1;1;0.0;40.666666666666664
64.0;42.0;59.0;1;47.0;20;48.0;55.0;386.0;38.333333333333336;38;40;37;38;15.0;7;41;35;38;0;1;1;0.0;38.0
61.0;60.0;54.0;0;38.0;10;57.0;56.0;372.0;34.06666666666667;30;33;33;44;15.0;7;42;33;32;0;1;2;0.0;35.72222222222222
73.0;48.0;47.0;0;50.0;14;50.0;56.0;374.0;35.86666666666667;36;31;34;42;15.0;7;40;30;37;0;1;2;0.0;33.05555555555556
58.38;50.1;55.79;0;47.31;4;58.33;54.03;383.83;36.8;37;39;40;37;15.0;7;42;34;32;0;1;2;0.0;35.44444444444444
61.0;54.0;54.0;0;50.0;11;57.0;54.0;382.0;36.4;32;41;37;42;15.0;7;42;36;33;0;1;2;0.0;36.111111111111114
58.0;83.0;56.0;1;50.0;5;63.0;52.0;388.0;36.4;35;34;44;40;15.0;7;45;35;30;0;1;2;0.0;33.388888888888886
65.0;56.0;51.0;1;56.0;8;60.0;45.0;380.0;34.53333333333333;30;37;30;40;15.0;7;41;36;34;0;1;2;0.0;13.75
63.73;48.43;62.35;0;42.25;4;58.52;54.29;381.87;39.4;43;44;31;36;15.0;7;40;32;41;0;1;1;0.0;34.94444444444444
67.0;53.0;48.0;0;47.0;8;52.0;47.0;370.0;34.46666666666667;32;31;39;44;15.0;7;41;35;30;0;1;2;0.0;38.0
58.0;59.0;62.0;1;48.0;13;63.0;56.0;391.0;33.266666666666666;30;32;38;41;15.0;7;36;36;30;0;1;2;0.0;29.333333333333332
61.0;48.0;49.0;1;53.0;7;70.0;54.0;383.0;37.46666666666667;37;38;39;43;15.0;7;44;34;33;0;1;3;0.0;40.44444444444444
64.0;45.0;45.0;0;53.0;8;49.0;59.0;384.0;35.53333333333333;36;38;35;38;15.0;7;42;37;30;0;1;2;0.0;39.77777777777778
58.0;63.0;43.0;0;50.0;14;62.0;51.0;372.0;36.733333333333334;32;30;38;41;15.0;7;44;30;40;0;1;2;0.0;32.888888888888886
53.0;40.0;47.0;1;57.0;11;57.0;57.0;382.0;37.666666666666664;35;36;42;38;15.0;7;41;40;36;0;1;2;0.0;37.888888888888886
62.0;39.0;54.0;1;50.0;5;56.0;52.0;374.0;37.0;30;41;43;42;15.0;7;43;37;33;0;1;1;0.0;39.77777777777778
55.0;59.0;50.0;1;42.0;1;59.0;51.0;371.0;31.333333333333332;16;36;36;40;12.0;6;43;32;30;1;1;3;3.0;32.0
63.0;43.0;37.0;1;45.0;8;69.0;50.0;359.0;36.666666666666664;30;40;42;32;15.0;7;45;34;35;0;1;3;0.0;36.166666666666664
62.53;45.63;49.77;0;46.79;4;61.41;50.78;368.8;35.86666666666667;36;41;37;40;15.0;7;39;36;30;0;1;1;0.0;37.833333333333336
58.0;51.0;66.0;1;54.0;8;57.0;57.0;392.0;37.86666666666667;41;39;47;42;15.0;7;38;35;30;0;1;3;0.0;35.833333333333336
58.0;59.0;41.0;0;53.0;11;57.0;56.0;371.0;37.46666666666667;38;37;39;42;15.0;7;42;38;33;0;1;3;0.0;35.77777777777778
64.0;45.0;54.0;0;56.0;10;44.0;57.0;379.0;24.866666666666667;23;22;39;37;6.0;4;41;31;8;3;1;2;9.0;8.0
61.0;75.0;51.0;0;60.0;20;53.0;63.0;388.0;35.666666666666664;31;36;40;43;15.0;7;41;37;32;0;1;1;0.0;35.2
58.0;72.0;47.0;0;48.0;11;57.0;56.0;375.0;32.666666666666664;31;35;33;37;15.0;7;37;30;30;0;1;2;0.0;21.866666666666667
58.0;50.0;50.0;1;48.0;8;52.0;54.0;370.0;34.666666666666664;33;40;38;33;15.0;7;41;30;30;0;1;1;0.0;33.166666666666664
62.0;58.0;52.0;1;45.0;20;56.0;49.0;371.0;34.13333333333333;30;30;38;39;15.0;7;41;33;33;0;1;3;0.0;36.111111111111114
61.0;48.0;54.0;0;46.0;10;63.0;34.0;369.0;34.93333333333333;30;39;35;42;15.0;7;41;38;31;0;1;3;0.0;34.333333333333336
67.0;61.0;54.0;0;45.0;4;50.0;54.0;374.0;34.2;32;42;33;32;15.0;7;42;31;30;0;1;1;0.0;23.0
58.0;56.0;54.0;1;63.0;10;55.0;49.0;389.0;33.733333333333334;31;32;36;37;15.0;7;42;36;30;0;1;2;0.0;38.77777777777778
61.16;56.82;53.82;0;42.41;19;46.27;46.93;365.38;37.6;38;41;33;37;15.0;7;43;35;36;0;1;1;0.0;36.0
64.0;50.0;54.0;0;50.0;7;55.0;54.0;384.0;33.46666666666667;32;34;34;35;15.0;7;41;33;30;0;1;3;0.0;32.05555555555556
63.47;73.24;53.24;0;53.3;10;50.31;51.9;378.91;34.53333333333333;34;36;34;32;15.0;7;35;30;36;0;1;1;0.0;33.111111111111114
64.0;50.0;54.0;0;59.0;8;55.0;55.0;383.0;34.53333333333333;31;36;35;36;15.0;7;42;31;33;0;1;2;0.0;32.388888888888886
83.0;74.0;71.0;1;61.0;20;65.0;69.0;484.0;38.333333333333336;37;38;45;47;15.0;7;43;37;32;0;1;1;0.0;36.833333333333336
68.0;57.0;55.0;0;69.0;11;64.0;65.0;462.0;37.4;33;43;47;39;15.0;7;38;39;32;0;1;1;0.0;38.77777777777778
68.0;58.0;64.0;0;66.0;8;75.0;62.0;473.0;35.06666666666667;37;38;32;39;15.0;7;40;32;31;0;1;2;0.0;36.666666666666664
75.0;47.0;56.0;0;61.0;16;57.0;68.0;452.0;37.8;41;42;42;46;15.0;7;38;34;30;0;1;1;0.0;36.72222222222222
63.0;49.0;68.0;0;69.0;7;91.0;47.0;469.0;37.46666666666667;33;37;37;42;15.0;7;41;35;39;0;1;1;0.0;35.0
80.0;77.0;69.0;1;60.0;8;67.0;66.0;460.0;42.93333333333333;43;43;45;45;15.0;7;43;40;42;0;1;1;0.0;41.0
59.0;74.0;57.0;1;48.0;20;67.0;69.0;446.0;34.93333333333333;30;33;41;32;15.0;7;42;38;33;0;1;2;0.0;37.111111111111114
68.0;80.0;62.0;1;70.0;20;71.0;65.0;462.0;38.46666666666667;43;39;41;43;15.0;7;42;41;30;0;1;3;0.0;35.27777777777778
71.0;60.0;59.0;1;59.0;11;65.0;65.0;446.0;40.53333333333333;41;38;41;39;15.0;7;43;38;41;0;1;1;0.0;34.05555555555556
86.0;43.0;63.0;0;44.0;11;58.0;58.0;426.0;38.0;33;41;42;40;15.0;7;41;31;38;0;1;1;0.0;32.888888888888886
65.0;94.0;55.0;0;62.0;6;67.0;62.0;438.0;37.46666666666667;36;43;38;31;15.0;7;41;35;36;0;1;1;0.0;36.94444444444444
78.0;57.0;62.0;1;51.0;8;65.0;70.0;434.0;40.06666666666667;36;43;44;37;15.0;7;42;42;39;0;1;1;0.0;41.388888888888886
68.0;77.0;51.0;0;65.0;19;52.0;61.0;435.0;42.0;45;44;43;47;15.0;7;48;42;34;0;1;1;0.0;38.0
76.0;53.0;55.0;1;48.0;19;58.0;55.0;423.0;40.13333333333333;40;40;45;47;15.0;7;43;39;35;0;1;2;0.0;36.666666666666664
71.0;58.0;59.0;0;61.0;10;58.0;65.0;439.0;34.666666666666664;30;40;31;35;15.0;7;40;33;35;0;1;2;0.0;39.77777777777778
64.0;66.0;63.0;0;60.0;20;63.0;62.0;444.0;36.333333333333336;44;36;37;40;15.0;7;37;33;30;0;1;1;0.0;35.05555555555556
71.0;58.0;53.0;0;37.0;18;62.0;69.0;414.0;35.0;40;32;34;32;15.0;7;42;33;31;0;1;1;0.0;37.55555555555556
65.0;80.0;57.0;0;48.0;4;64.0;52.0;421.0;36.8;39;42;37;36;15.0;7;42;37;30;0;1;2;0.0;41.22222222222222
68.0;56.0;59.0;1;59.0;11;60.0;69.0;436.0;38.6;32;38;43;43;15.0;7;42;42;38;0;1;1;0.0;39.611111111111114
71.0;71.0;53.0;1;55.0;10;68.0;54.0;424.0;36.266666666666666;35;39;38;41;15.0;7;42;40;30;0;1;2;0.0;37.5
62.0;60.0;57.0;0;59.0;11;58.0;65.0;435.0;37.06666666666667;32;39;42;34;15.0;7;41;38;36;0;1;2;0.0;37.27777777777778
71.0;65.0;56.0;0;58.0;20;66.0;68.0;435.0;34.86666666666667;31;38;36;44;15.0;7;42;34;30;0;1;1;0.0;36.72222222222222
68.0;56.0;51.0;1;52.0;20;67.0;56.0;421.0;34.53333333333333;30;33;42;32;15.0;7;43;32;32;0;1;2;0.0;33.166666666666664
71.0;83.0;53.0;0;59.0;4;56.0;62.0;428.0;35.93333333333333;33;40;37;36;15.0;7;41;40;32;0;1;1;0.0;34.111111111111114
68.0;66.0;62.0;0;53.0;7;62.0;77.0;439.0;35.8;30;39;41;40;15.0;7;43;41;30;0;1;1;0.0;37.72222222222222
74.0;58.0;51.0;0;53.0;7;60.0;59.0;416.0;33.4;39;38;33;36;11.0;6;37;32;25;1;1;2;4.0;26.0
57.0;51.0;65.0;0;49.0;19;62.0;70.0;433.0;29.2;24;33;37;37;8.0;5;36;37;20;2;1;2;7.0;9.0
74.0;56.0;59.0;0;50.0;16;58.0;65.0;421.0;38.46666666666667;33;40;34;41;15.0;7;43;35;42;0;1;3;0.0;38.72222222222222
67.0;75.0;56.0;1;42.0;11;57.0;62.0;411.0;36.2;43;36;35;39;15.0;7;36;37;31;0;1;1;0.0;33.611111111111114
62.0;58.0;55.0;0;51.0;18;60.0;66.0;424.0;35.266666666666666;33;39;38;34;15.0;7;37;40;32;0;1;1;0.0;32.611111111111114
76.0;58.0;59.0;0;60.0;18;58.0;52.0;422.0;33.86666666666667;33;37;31;35;15.0;7;36;38;32;0;1;1;0.0;34.833333333333336
65.0;63.0;58.0;0;53.0;10;62.0;57.0;422.0;32.93333333333333;30;31;31;42;15.0;7;41;36;30;0;1;2;0.0;39.888888888888886
71.0;66.0;60.0;0;51.0;8;52.0;59.0;414.0;36.333333333333336;31;40;36;40;15.0;7;42;36;35;0;1;2;0.0;35.0
62.0;43.0;53.0;0;66.0;8;65.0;59.0;429.0;38.4;43;37;37;40;15.0;7;41;37;35;0;1;1;0.0;39.05555555555556
80.0;89.0;51.0;0;55.0;20;50.0;65.0;412.0;39.2;36;45;37;39;15.0;7;42;37;39;0;1;1;0.0;36.0
71.0;71.0;61.0;1;55.0;11;62.0;65.0;422.0;38.8;48;38;41;43;15.0;7;34;37;33;0;1;1;0.0;36.27777777777778
65.0;77.0;49.0;1;50.0;9;62.0;61.0;405.0;38.733333333333334;46;37;38;43;15.0;7;40;34;34;0;1;2;0.0;37.5
65.0;71.0;58.0;0;59.0;8;62.0;59.0;421.0;35.53333333333333;33;33;38;39;15.0;7;30;37;39;0;1;1;0.0;36.166666666666664
63.0;47.0;58.0;0;45.0;10;68.0;59.0;409.0;33.46666666666667;30;32;32;43;15.0;7;42;33;31;0;1;1;0.0;36.166666666666664
68.0;60.0;51.0;1;51.0;1;60.0;62.0;410.0;39.6;37;41;39;42;15.0;7;42;37;40;0;1;1;0.0;37.111111111111114
52.0;59.0;58.0;0;53.0;11;54.0;57.0;410.0;20.933333333333334;10;35;36;40;8.0;5;35;32;0;2;2;2;7.0;9.0
70.0;52.0;69.0;1;54.0;9;53.0;59.0;419.0;38.666666666666664;37;43;42;45;15.0;7;43;36;33;0;1;1;0.0;39.44444444444444
62.0;60.0;62.0;0;66.0;15;56.0;54.0;425.0;38.46666666666667;41;37;41;42;15.0;7;43;38;33;0;1;1;0.0;41.888888888888886
68.0;80.0;64.0;0;53.0;10;71.0;62.0;424.0;35.13333333333333;30;39;36;44;15.0;7;42;35;31;0;1;1;0.0;35.72222222222222
71.0;57.0;51.0;0;51.0;7;62.0;56.0;402.0;35.666666666666664;34;39;34;39;15.0;7;41;38;32;0;1;3;0.0;38.94444444444444
56.0;77.0;58.0;0;44.0;8;69.0;46.0;405.0;34.46666666666667;30;34;34;31;15.0;7;41;38;35;0;1;1;0.0;33.666666666666664
59.0;53.0;53.0;0;62.0;8;58.0;62.0;415.0;30.666666666666668;24;30;32;41;8.0;5;40;31;28;2;1;3;7.0;19.0
79.0;58.0;64.0;1;48.0;9;50.0;50.0;406.0;38.333333333333336;36;38;42;37;15.0;7;42;42;36;0;1;1;0.0;40.388888888888886
57.0;63.0;57.0;1;41.0;1;56.0;59.0;401.0;34.13333333333333;30;37;38;36;15.0;7;41;34;30;0;1;3;0.0;25.5
77.0;75.0;63.0;0;53.0;8;46.0;60.0;410.0;35.13333333333333;36;41;35;34;15.0;7;37;39;30;0;1;2;0.0;40.888888888888886
74.0;43.0;67.0;1;37.0;20;54.0;62.0;404.0;36.13333333333333;36;34;37;36;15.0;7;41;38;34;0;1;2;0.0;35.833333333333336
76.0;50.0;55.0;1;53.0;8;54.0;55.0;406.0;33.8;37;30;33;30;15.0;7;38;40;31;0;1;3;0.0;31.0
62.0;50.0;51.0;0;46.0;1;56.0;56.0;395.0;35.93333333333333;34;32;31;32;15.0;7;40;31;42;0;1;2;0.0;32.888888888888886
69.96;67.41;59.89;0;48.75;11;54.28;55.8;403.81;36.46666666666667;33;39;31;34;15.0;7;33;40;42;0;1;1;0.0;32.5
60.0;56.0;47.0;0;58.0;6;54.0;59.0;402.0;36.6;36;47;31;32;15.0;7;38;41;34;0;1;2;0.0;35.27777777777778
67.0;75.0;60.0;1;50.0;8;61.0;57.0;409.0;35.733333333333334;32;37;40;37;15.0;7;43;43;30;0;1;1;0.0;40.27777777777778
64.0;58.0;55.0;0;40.0;8;68.0;49.0;396.0;21.533333333333335;5;32;13;32;6.0;4;35;36;20;3;1;1;9.0;8.0
74.0;56.0;47.0;0;48.0;10;54.0;59.0;390.0;39.0;41;42;38;47;15.0;7;45;37;32;0;1;1;0.0;33.611111111111114
68.0;63.0;60.0;1;66.0;10;62.0;53.0;420.0;38.13333333333333;40;37;43;41;15.0;7;42;39;32;0;1;1;0.0;36.5
63.0;43.0;49.0;1;40.0;8;58.0;62.0;388.0;35.8;41;35;31;42;15.0;7;34;36;34;0;1;1;0.0;34.833333333333336
59.0;60.0;48.0;0;45.0;7;56.0;62.0;394.0;36.06666666666667;30;37;40;37;15.0;7;33;30;41;0;1;3;0.0;8.0
58.0;43.0;53.0;0;46.0;4;48.0;65.0;399.0;33.0;31;35;33;40;15.0;7;36;34;30;0;1;1;0.0;35.05555555555556
74.0;43.0;49.0;1;49.0;11;58.0;53.0;391.0;34.333333333333336;30;33;35;47;15.0;7;42;34;31;0;1;3;0.0;37.5
57.0;50.0;60.0;1;54.0;8;58.0;49.0;404.0;37.6;33;39;45;38;15.0;7;42;43;33;0;1;1;0.0;38.111111111111114
68.0;59.0;57.0;1;40.0;19;60.0;50.0;390.0;35.46666666666667;30;31;42;40;15.0;7;42;40;33;0;1;1;0.0;33.888888888888886
60.0;53.0;60.0;1;51.0;11;62.0;57.0;408.0;34.2;30;39;32;42;15.0;7;39;33;32;0;1;2;0.0;36.27777777777778
63.0;89.0;53.0;0;51.0;16;65.0;59.0;404.0;34.86666666666667;38;34;40;42;15.0;7;34;31;30;0;1;1;0.0;30.0
54.0;42.0;48.0;0;51.0;1;60.0;62.0;401.0;37.53333333333333;40;32;45;40;15.0;7;36;37;35;0;1;1;0.0;36.94444444444444
58.0;70.0;64.0;1;56.0;20;61.0;55.0;418.0;37.93333333333333;45;32;39;44;15.0;7;44;40;30;0;1;1;0.0;34.666666666666664
65.0;77.0;55.0;0;48.0;9;58.0;56.0;398.0;38.333333333333336;42;40;40;47;15.0;7;40;42;30;0;1;1;0.0;36.22222222222222
68.0;50.0;63.0;0;49.0;8;54.0;53.0;403.0;34.13333333333333;31;35;43;32;15.0;7;34;31;33;0;1;2;0.0;28.333333333333332
58.0;45.0;71.0;0;50.0;8;56.0;69.0;419.0;26.133333333333333;35;41;33;42;11.0;6;32;33;0;1;1;1;4.0;8.0
59.0;54.0;55.0;0;48.0;11;56.0;56.0;397.0;34.666666666666664;30;38;33;33;15.0;7;39;33;36;0;1;1;0.0;35.27777777777778
59.0;50.0;63.0;1;60.0;10;62.0;56.0;414.0;36.13333333333333;32;41;35;44;15.0;7;43;44;30;0;1;1;0.0;34.166666666666664
68.0;43.0;59.0;0;48.0;7;56.0;62.0;403.0;21.4;18;30;11;33;5.0;3;33;26;15;4;1;2;10.0;6.0
76.0;49.0;63.0;0;49.0;11;50.0;44.0;391.0;37.53333333333333;38;44;37;40;15.0;7;40;39;32;0;1;1;0.0;39.0
62.0;75.0;55.0;1;73.0;8;56.0;54.0;418.0;32.13333333333333;37;31;40;44;11.0;6;40;33;18;1;1;1;4.0;27.0
52.0;59.0;58.0;0;53.0;20;56.0;66.0;409.0;33.53333333333333;30;32;35;33;15.0;7;41;44;30;0;1;2;0.0;36.22222222222222
52.0;74.0;62.0;0;53.0;8;60.0;62.0;414.0;33.0;18;36;37;40;12.0;6;41;33;35;1;1;2;3.0;32.0
55.0;60.0;60.0;0;70.0;16;60.0;57.0;422.0;32.733333333333334;33;30;30;36;15.0;7;35;38;32;0;1;2;0.0;27.5
68.0;57.0;59.0;1;44.0;18;56.0;54.0;394.0;39.266666666666666;41;47;40;42;15.0;7;40;42;32;0;1;1;0.0;40.55555555555556
52.0;63.0;45.0;1;48.0;8;64.0;59.0;390.0;33.2;23;40;33;43;12.0;6;40;40;30;1;1;3;3.0;29.0
68.0;68.0;58.0;1;51.0;8;62.0;53.0;401.0;37.13333333333333;38;44;40;37;15.0;7;38;34;32;0;1;1;0.0;36.0
57.0;61.0;68.0;0;46.0;10;63.0;52.0;405.0;34.46666666666667;30;36;36;44;15.0;7;40;31;32;0;1;1;0.0;34.5
55.27;59.67;55.79;0;46.43;4;46.16;61.55;375.69;39.0;36;43;30;36;15.0;7;42;39;43;0;1;1;0.0;33.72222222222222
67.0;48.0;53.0;0;48.0;2;48.0;57.0;402.0;36.86666666666667;31;40;44;45;15.0;7;39;37;33;0;1;2;0.0;34.666666666666664
49.0;30.0;51.0;0;49.0;20;46.0;50.0;352.0;34.8;30;30;43;43;15.0;7;40;35;32;0;1;2;0.0;30.055555555555557
49.0;46.0;50.0;1;61.0;7;52.0;58.0;365.0;35.86666666666667;30;34;40;45;15.0;7;40;35;35;0;1;3;0.0;34.833333333333336
59.0;89.0;68.0;0;56.0;10;60.0;89.0;483.0;38.46666666666667;34;38;43;44;15.0;7;49;39;33;0;1;1;0.0;36.833333333333336
74.0;63.0;54.0;0;50.0;19;59.0;67.0;444.0;42.06666666666667;46;40;45;47;15.0;7;39;34;41;0;1;1;0.0;36.666666666666664
71.0;80.0;54.0;1;65.0;19;66.0;64.0;457.0;35.13333333333333;34;30;30;39;15.0;7;40;38;37;0;1;2;0.0;34.0
74.0;66.0;62.0;0;43.0;7;58.0;62.0;422.0;38.53333333333333;40;40;42;38;15.0;7;41;42;33;0;1;3;0.0;33.166666666666664
71.0;52.0;60.0;1;51.0;20;62.0;59.0;434.0;34.46666666666667;30;34;43;38;15.0;7;41;33;30;0;1;2;0.0;37.666666666666664
79.0;71.0;53.0;0;56.0;1;54.0;62.0;428.0;38.666666666666664;35;42;41;41;15.0;7;40;40;37;0;1;2;0.0;34.666666666666664
62.0;57.0;59.0;0;66.0;8;56.0;77.0;447.0;37.53333333333333;36;42;41;41;15.0;7;43;42;30;0;1;3;0.0;37.72222222222222
71.0;51.0;53.0;1;59.0;8;65.0;59.0;432.0;35.8;31;30;41;38;15.0;7;40;36;37;0;1;1;0.0;39.0
71.0;54.0;51.0;1;62.0;20;58.0;62.0;431.0;38.2;35;48;42;41;15.0;7;42;43;30;0;1;2;0.0;38.05555555555556
71.0;100.0;61.0;0;41.0;10;60.0;59.0;419.0;36.6;32;41;42;41;15.0;7;43;40;30;0;1;1;0.0;39.705882352941174
71.0;65.0;56.0;1;46.0;20;55.0;67.0;421.0;37.93333333333333;42;35;41;40;15.0;7;38;43;33;0;1;1;0.0;39.666666666666664
63.0;53.0;60.0;1;50.0;7;66.0;59.0;427.0;36.53333333333333;30;40;41;41;15.0;7;41;41;33;0;1;2;0.0;35.611111111111114
68.0;46.0;47.0;0;42.0;20;57.0;61.0;400.0;39.6;30;43;45;37;15.0;7;45;41;40;0;1;1;0.0;36.111111111111114
60.6;79.4;59.89;0;48.75;4;60.29;66.12;431.28;38.4;41;39;45;41;15.0;7;41;38;31;0;1;1;0.0;34.333333333333336
65.0;66.0;53.0;1;61.0;8;58.0;61.0;431.0;39.333333333333336;36;34;43;39;15.0;7;41;39;42;0;1;1;0.0;40.94444444444444
68.0;54.0;48.0;0;61.0;11;66.0;55.0;421.0;35.333333333333336;30;30;47;42;15.0;7;30;36;37;0;1;3;0.0;17.77777777777778
68.0;51.0;53.0;0;46.0;20;54.0;61.0;412.0;34.666666666666664;31;43;32;31;15.0;7;40;30;34;0;1;2;0.0;14.0
68.0;69.0;48.0;0;40.0;11;53.0;64.0;399.0;35.6;32;40;41;38;15.0;7;41;36;30;0;1;1;0.0;38.0
75.0;50.0;55.0;0;56.0;20;56.0;54.0;417.0;27.2;23;25;46;35;5.0;3;31;28;18;4;1;2;10.0;1.0
54.0;66.0;53.0;1;48.0;20;64.0;56.0;412.0;38.2;35;39;48;39;15.0;7;44;39;32;0;1;1;0.0;40.5
68.0;53.0;63.0;0;53.0;9;63.0;50.0;422.0;33.93333333333333;35;36;37;35;15.0;7;32;39;30;0;1;1;0.0;31.88888888888889
71.0;61.0;50.0;1;42.0;3;51.0;59.0;395.0;36.4;34;40;45;37;15.0;7;40;37;30;0;1;1;0.0;38.333333333333336
69.0;56.0;68.0;0;53.0;16;69.0;49.0;423.0;34.53333333333333;32;37;32;39;15.0;7;30;33;38;0;3;2;0.0;34.111111111111114
68.62;70.18;67.79;0;57.15;4;56.37;58.69;427.88;37.93333333333333;31;45;43;35;15.0;7;43;39;35;0;1;3;0.0;34.76470588235294
65.0;52.0;48.0;1;49.0;20;62.0;66.0;408.0;36.0;30;41;42;41;15.0;7;41;41;30;0;1;1;0.0;36.77777777777778
75.0;47.0;63.0;0;60.0;20;45.0;41.0;412.0;35.13333333333333;30;33;37;37;15.0;7;44;32;35;0;1;1;0.0;34.22222222222222
68.0;46.0;57.0;0;50.0;8;62.0;52.0;409.0;35.93333333333333;31;34;45;43;15.0;7;35;39;34;0;1;1;0.0;37.333333333333336
69.0;47.0;49.0;1;56.0;4;54.0;60.0;405.0;37.4;31;40;41;41;15.0;7;43;39;35;0;1;1;0.0;36.888888888888886
65.0;57.0;59.0;0;41.0;8;56.0;61.0;402.0;39.06666666666667;39;43;40;42;15.0;7;46;41;32;0;1;2;0.0;35.388888888888886
64.0;47.0;56.0;0;55.0;10;57.0;53.0;416.0;38.8;34;35;41;43;15.0;7;45;39;39;0;1;1;0.0;35.166666666666664
75.0;59.0;59.0;1;50.0;14;58.0;54.0;406.0;36.666666666666664;38;30;47;30;15.0;7;30;32;40;0;1;1;0.0;34.5
61.0;58.0;56.0;0;53.0;20;63.0;55.0;411.0;36.666666666666664;31;40;43;40;15.0;7;45;41;30;0;1;1;0.0;35.166666666666664
63.0;46.0;54.0;0;48.0;10;53.0;61.0;405.0;37.666666666666664;33;41;41;40;15.0;7;44;42;33;0;1;2;0.0;37.55555555555556
67.0;70.0;62.0;0;45.0;11;53.0;59.0;404.0;38.46666666666667;30;47;43;37;15.0;7;44;38;36;0;1;1;0.0;40.22222222222222
71.0;71.0;54.0;0;55.0;10;51.0;53.0;402.0;36.666666666666664;32;33;35;37;15.0;7;37;39;42;0;1;1;0.0;31.22222222222222
64.12;88.85;51.3;0;61.84;11;60.38;51.9;408.53;36.733333333333334;33;35;37;30;15.0;7;42;30;41;0;1;1;0.0;35.333333333333336
68.0;48.0;51.0;0;51.0;11;52.0;53.0;399.0;34.93333333333333;31;32;38;40;15.0;7;43;33;33;0;1;1;0.0;37.388888888888886
68.0;54.0;55.0;1;56.0;1;58.0;53.0;405.0;38.333333333333336;35;49;43;38;15.0;7;46;32;31;0;1;2;0.0;34.666666666666664
74.0;58.0;49.0;1;51.0;16;58.0;54.0;398.0;36.4;36;41;32;39;15.0;7;42;41;32;0;1;1;0.0;33.388888888888886
66.0;43.0;49.0;0;48.0;5;54.0;58.0;394.0;41.2;43;42;45;43;15.0;7;43;42;36;0;1;1;0.0;36.888888888888886
61.0;49.0;54.0;0;61.0;11;57.0;59.0;416.0;37.0;34;41;44;41;15.0;7;41;40;30;0;1;2;0.0;38.888888888888886
54.0;47.0;57.0;1;58.0;10;67.0;59.0;413.0;34.666666666666664;32;40;36;36;15.0;7;40;36;30;0;1;3;0.0;32.94444444444444
62.0;47.0;51.0;0;41.0;19;67.0;54.0;395.0;36.06666666666667;34;40;41;32;15.0;7;43;39;30;0;1;3;0.0;38.55555555555556
65.0;61.0;47.0;1;55.0;10;63.0;57.0;402.0;34.06666666666667;34;37;38;32;15.0;7;37;33;30;0;1;1;0.0;32.833333333333336
58.0;40.0;60.0;0;46.0;8;57.0;61.0;402.0;35.266666666666666;30;39;38;38;15.0;7;43;37;31;0;1;1;0.0;35.166666666666664
55.0;56.0;51.0;0;62.0;20;56.0;65.0;411.0;35.6;30;34;36;35;15.0;7;42;37;37;0;1;1;0.0;36.5
63.0;89.0;59.0;1;59.0;16;60.0;54.0;414.0;37.0;35;43;42;41;15.0;7;40;39;30;0;1;2;0.0;36.94444444444444
70.78;59.21;55.21;0;47.31;8;54.35;59.17;400.62;34.8;35;40;43;35;15.0;7;30;36;30;0;1;1;0.0;32.5
57.0;50.0;51.0;1;49.0;20;58.0;59.0;401.0;37.8;34;39;45;37;15.0;7;46;36;33;0;1;1;0.0;35.05555555555556
71.0;77.0;52.0;1;58.0;9;55.0;55.0;403.0;37.93333333333333;31;42;41;42;15.0;7;40;40;37;0;1;1;0.0;38.333333333333336
68.0;52.0;51.0;0;49.0;7;49.0;57.0;391.0;37.46666666666667;30;43;43;42;15.0;7;40;38;35;0;1;1;0.0;38.111111111111114
54.0;42.0;60.0;0;63.0;20;58.0;55.0;412.0;36.2;32;40;42;37;15.0;7;42;38;31;0;1;1;0.0;38.77777777777778
63.0;74.0;49.0;0;53.0;2;60.0;56.0;399.0;37.13333333333333;31;31;41;38;15.0;7;38;38;42;0;1;1;0.0;35.611111111111114
76.0;52.0;45.0;1;53.0;6;63.0;49.0;390.0;34.46666666666667;35;30;34;41;15.0;7;41;33;32;0;1;3;0.0;34.76470588235294
62.0;47.0;41.0;1;49.0;20;67.0;62.0;399.0;36.0;33;41;40;37;15.0;7;40;38;31;0;1;2;0.0;38.77777777777778
46.0;43.0;51.0;0;59.0;8;60.0;56.0;405.0;34.8;30;32;35;31;15.0;7;42;35;37;0;1;2;0.0;34.888888888888886
65.0;57.0;55.0;0;59.0;7;56.0;57.0;409.0;40.53333333333333;36;41;45;35;15.0;7;49;43;38;0;1;3;0.0;38.388888888888886
60.0;43.0;51.0;0;44.0;5;58.0;52.0;391.0;38.46666666666667;33;43;42;38;15.0;7;42;38;37;0;1;1;0.0;38.05555555555556
65.0;71.0;59.0;0;48.0;18;54.0;52.0;396.0;36.333333333333336;34;37;42;33;15.0;7;43;30;34;0;1;1;0.0;37.333333333333336
72.11;33.81;47.62;0;46.79;19;52.42;50.78;384.45;35.06666666666667;30;33;39;34;15.0;7;42;42;33;0;1;2;0.0;38.55555555555556
67.0;57.0;67.0;1;42.0;10;53.0;57.0;402.0;34.46666666666667;30;32;35;30;15.0;7;42;35;36;0;1;2;0.0;33.05555555555556
61.0;60.0;52.0;0;48.0;8;59.0;53.0;396.0;38.46666666666667;39;41;45;35;15.0;7;43;43;31;0;1;1;0.0;40.44444444444444
74.0;43.0;51.0;1;43.0;1;60.0;52.0;387.0;36.46666666666667;33;39;42;40;15.0;7;42;42;30;0;1;3;0.0;37.0
62.0;47.0;51.0;0;66.0;11;58.0;57.0;406.0;35.266666666666666;30;31;36;39;15.0;7;42;34;37;0;1;2;0.0;34.94444444444444
68.0;46.0;55.0;0;51.0;20;52.0;59.0;396.0;34.93333333333333;30;32;35;31;15.0;7;39;35;39;0;1;1;0.0;37.05555555555556
65.0;59.0;51.0;1;56.0;20;60.0;57.0;401.0;41.2;40;40;47;39;15.0;7;42;41;40;0;1;1;0.0;42.166666666666664
71.0;53.0;57.0;0;46.0;4;54.0;62.0;396.0;36.86666666666667;30;37;43;35;15.0;7;45;30;37;0;1;3;0.0;33.94444444444444
62.0;54.0;51.0;0;53.0;19;65.0;65.0;405.0;35.2;30;37;41;41;15.0;7;41;39;30;0;1;2;0.0;23.22222222222222
52.0;56.0;55.0;1;43.0;11;62.0;66.0;402.0;38.46666666666667;36;34;48;39;15.0;7;42;38;36;0;1;1;0.0;41.166666666666664
61.0;50.0;52.0;1;46.0;7;55.0;57.0;387.0;38.06666666666667;34;33;42;40;15.0;7;42;35;40;0;1;1;0.0;37.22222222222222
57.0;43.0;62.0;1;54.0;11;60.0;59.0;408.0;37.666666666666664;39;40;42;41;15.0;7;42;39;30;0;1;2;0.0;34.888888888888886
65.0;69.0;48.0;0;50.0;20;47.0;57.0;386.0;34.6;30;37;43;35;15.0;7;38;38;30;0;1;1;0.0;35.333333333333336
52.0;43.0;55.0;0;44.0;10;58.0;59.0;395.0;33.8;34;34;43;37;15.0;7;32;30;30;0;1;2;0.0;35.111111111111114
63.0;60.0;56.0;1;60.0;11;63.0;56.0;404.0;31.866666666666667;25;38;41;30;12.0;6;32;31;30;1;1;3;3.0;21.5
65.0;49.0;47.0;0;53.0;16;57.0;51.0;383.0;30.933333333333334;30;34;37;38;11.0;6;42;30;20;1;1;1;4.0;25.0
62.0;43.0;59.0;0;44.0;11;56.0;65.0;397.0;33.266666666666666;31;31;35;31;15.0;7;44;35;30;0;1;1;0.0;35.833333333333336
57.0;43.0;55.0;1;51.0;5;56.0;54.0;396.0;37.13333333333333;32;33;44;37;15.0;7;41;36;38;0;1;1;0.0;35.388888888888886
57.0;52.0;53.0;1;49.0;19;64.0;57.0;394.0;37.4;34;45;42;40;15.0;7;42;41;30;0;1;3;0.0;34.111111111111114
67.13;50.86;55.09;0;51.14;7;58.84;54.59;395.12;37.333333333333336;37;37;45;36;15.0;7;44;41;30;0;2;1;0.0;37.333333333333336
62.0;50.0;55.0;1;38.0;5;62.0;59.0;389.0;26.333333333333332;21;16;43;40;6.0;4;40;30;16;3;1;2;9.0;20.0
57.0;52.0;55.0;0;53.0;19;60.0;52.0;396.0;35.266666666666666;30;33;43;39;15.0;7;41;34;33;0;1;1;0.0;34.666666666666664
57.0;60.0;59.0;1;53.0;10;54.0;56.0;397.0;35.93333333333333;32;38;45;34;15.0;7;38;39;32;0;1;1;0.0;21.5
63.0;57.0;60.0;0;48.0;8;54.0;57.0;395.0;36.46666666666667;32;44;40;40;15.0;7;41;37;31;0;1;1;0.0;36.94444444444444
64.16;49.63;52.77;1;39.79;7;48.26;57.93;384.53;31.0;27;26;35;37;7.0;3;26;17;39;4;3;3;8.0;8.0
63.0;34.0;58.0;0;60.0;8;54.0;50.0;401.0;35.4;42;39;31;31;15.0;7;42;30;30;0;1;2;0.0;38.888888888888886
59.0;57.0;57.0;1;47.0;20;62.0;56.0;396.0;34.666666666666664;30;39;43;38;15.0;7;35;34;31;0;1;1;0.0;36.77777777777778
60.0;42.0;53.0;0;66.0;6;50.0;56.0;405.0;35.6;30;39;40;40;15.0;7;42;42;30;0;1;1;0.0;34.94444444444444
68.0;40.0;52.0;1;46.0;16;51.0;57.0;386.0;35.93333333333333;31;30;45;39;15.0;7;43;35;34;0;1;1;0.0;42.22222222222222
51.0;63.0;41.0;1;48.0;5;59.0;53.0;386.0;34.86666666666667;30;30;44;33;15.0;7;43;34;33;0;1;1;0.0;35.833333333333336
62.0;77.0;55.0;0;48.0;11;58.0;57.0;391.0;38.13333333333333;39;38;42;33;15.0;7;38;38;37;0;1;2;0.0;32.5
59.0;48.0;49.0;0;48.0;20;56.0;62.0;390.0;36.46666666666667;30;44;40;41;15.0;7;42;36;32;0;1;3;0.0;34.55555555555556
55.0;54.0;59.0;0;58.0;20;54.0;59.0;400.0;39.266666666666666;41;40;42;38;15.0;7;40;40;36;0;1;1;0.0;38.77777777777778
57.0;46.0;57.0;0;44.0;8;56.0;61.0;393.0;38.266666666666666;30;45;43;35;15.0;7;42;41;37;0;1;1;0.0;37.166666666666664
64.0;53.0;58.0;0;55.0;9;57.0;65.0;403.0;34.46666666666667;30;30;47;38;15.0;7;39;37;30;0;1;2;0.0;37.888888888888886
75.0;45.0;47.0;0;50.0;10;50.0;48.0;375.0;39.13333333333333;37;42;41;39;15.0;7;49;37;34;0;1;1;0.0;40.44444444444444
57.0;66.0;55.0;1;59.0;11;56.0;53.0;398.0;34.0;30;31;32;40;15.0;7;45;36;32;0;1;2;0.0;35.705882352941174
60.0;48.0;49.0;0;52.0;10;50.0;52.0;382.0;39.46666666666667;31;40;40;33;15.0;7;43;40;45;0;1;2;0.0;33.55555555555556
68.0;51.0;48.0;1;55.0;7;59.0;57.0;388.0;35.86666666666667;30;38;41;36;15.0;7;40;34;35;0;1;2;0.0;33.44444444444444
60.0;57.0;47.0;0;50.0;11;56.0;56.0;385.0;33.46666666666667;30;35;38;36;15.0;7;40;30;30;0;1;2;0.0;37.44444444444444
63.47;50.87;53.82;0;53.3;11;46.16;57.63;391.05;35.13333333333333;32;35;39;39;15.0;7;42;36;31;0;1;1;0.0;33.0
60.0;56.0;55.0;0;55.0;10;54.0;56.0;393.0;34.93333333333333;32;32;43;39;15.0;7;36;35;33;0;1;1;0.0;24.22222222222222
58.0;70.0;49.0;0;44.0;10;58.0;60.0;385.0;37.86666666666667;40;35;44;40;15.0;7;40;38;33;0;1;3;0.0;37.22222222222222
61.0;53.0;57.0;0;56.0;20;67.0;59.0;402.0;43.93333333333333;47;46;43;45;15.0;7;49;45;38;0;1;1;0.0;43.44444444444444
54.0;60.0;54.0;1;43.0;9;52.0;59.0;382.0;34.266666666666666;32;33;43;32;15.0;7;37;36;31;0;1;2;0.0;36.833333333333336
63.0;58.0;52.0;0;44.0;19;55.0;64.0;383.0;35.8;33;36;46;38;15.0;7;37;30;33;0;1;1;0.0;34.333333333333336
60.0;43.0;51.0;0;50.0;10;56.0;61.0;387.0;24.066666666666666;14;24;36;36;6.0;4;39;33;13;3;1;2;9.0;9.0
68.0;55.0;58.0;0;49.0;4;53.0;41.0;378.0;35.0;36;32;45;32;15.0;7;37;37;30;0;1;2;0.0;34.22222222222222
62.0;58.0;59.0;0;50.0;1;47.0;56.0;387.0;35.0;30;37;40;37;15.0;7;42;36;31;0;1;2;0.0;34.55555555555556
51.0;61.0;54.0;1;48.0;7;59.0;47.0;382.0;37.0;31;39;41;39;15.0;7;41;41;35;0;1;3;0.0;39.77777777777778
65.0;74.0;60.0;1;51.0;9;65.0;59.0;414.0;35.733333333333334;33;38;39;41;15.0;7;41;40;30;0;1;2;0.0;34.166666666666664
52.0;43.0;46.0;1;51.0;18;46.0;51.0;365.0;40.13333333333333;30;46;46;42;15.0;7;47;40;38;0;1;2;0.0;41.666666666666664
0.0;0.0;0.0;2;0.0;0;0.0;0.0;0.0;35.0;0;0;0;0;1.0;1;0;35;0;0;0;0;0.0;41.0
100.0;88.0;79.0;1;0.0;15;69.0;0.0;402.0;39.13333333333333;40;44;38;39;15.0;7;40;40;36;0;1;1;0.0;39.55555555555556
79.0;100.0;78.0;1;0.0;8;78.0;0.0;392.0;41.13333333333333;35;42;47;42;15.0;7;49;38;39;0;1;1;0.0;37.27777777777778
81.0;84.0;79.0;1;0.0;19;70.0;0.0;384.0;39.8;36;42;42;41;15.0;7;42;40;39;0;1;1;0.0;39.05555555555556
77.0;85.0;75.0;0;0.0;20;75.0;0.0;388.0;33.93333333333333;32;40;34;31;15.0;7;41;32;30;0;1;2;0.0;38.111111111111114
79.0;79.0;73.0;0;0.0;11;63.0;0.0;360.0;34.06666666666667;34;36;31;34;15.0;7;36;37;33;0;1;1;0.0;33.94444444444444
77.0;93.0;76.0;0;0.0;8;67.0;0.0;360.0;36.93333333333333;34;39;40;37;15.0;7;40;37;35;0;1;2;0.0;32.75
81.0;67.0;74.0;0;0.0;16;63.0;0.0;355.0;38.06666666666667;41;39;44;39;15.0;7;38;39;32;0;1;1;0.0;39.333333333333336
70.0;82.0;76.0;1;0.0;18;75.0;0.0;368.0;35.0;30;35;43;37;15.0;7;40;34;32;0;1;1;0.0;35.44444444444444
75.0;93.0;72.0;1;0.0;16;61.0;0.0;358.0;32.0;31;32;40;36;11.0;6;31;37;27;1;1;3;4.0;34.166666666666664
77.0;93.0;64.0;1;0.0;6;75.0;0.0;362.0;37.4;35;48;41;38;15.0;7;42;36;30;0;1;1;0.0;35.72222222222222
72.0;65.0;78.0;0;0.0;11;65.0;0.0;350.0;34.53333333333333;30;30;38;39;15.0;7;40;33;35;0;1;2;0.0;34.05555555555556
75.0;84.0;64.0;1;0.0;8;75.0;0.0;359.0;35.666666666666664;31;38;40;43;15.0;7;43;37;30;0;1;1;0.0;39.44444444444444
72.0;60.0;74.0;0;0.0;10;75.0;0.0;352.0;38.0;36;39;47;40;15.0;7;49;32;30;0;1;1;0.0;38.72222222222222
72.0;71.0;76.0;0;0.0;10;65.0;0.0;348.0;34.666666666666664;31;32;36;42;15.0;7;39;35;34;0;1;1;0.0;42.0
74.0;57.0;75.0;0;0.0;4;65.0;0.0;345.0;34.0;30;38;40;32;15.0;7;37;34;31;0;1;1;0.0;26.944444444444443
83.0;64.0;68.0;0;0.0;20;60.0;0.0;338.0;33.06666666666667;31;37;35;37;15.0;7;34;34;30;0;1;1;0.0;29.5
72.0;73.0;69.0;0;0.0;20;69.0;0.0;352.0;41.86666666666667;40;44;43;37;15.0;7;43;35;44;0;1;1;0.0;39.166666666666664
66.0;61.0;74.0;0;0.0;14;79.0;0.0;350.0;35.6;34;33;34;36;15.0;7;44;30;36;0;1;1;0.0;38.22222222222222
69.0;88.0;70.0;1;0.0;15;67.0;0.0;349.0;34.6;31;33;39;36;15.0;7;39;36;33;0;1;2;0.0;35.55555555555556
69.0;75.0;68.0;0;0.0;8;72.0;0.0;351.0;37.53333333333333;38;48;42;33;15.0;7;38;36;31;0;1;1;0.0;35.333333333333336
66.0;65.0;77.0;0;0.0;15;63.0;0.0;343.0;35.06666666666667;31;39;41;38;15.0;7;35;37;32;0;1;1;0.0;36.55555555555556
72.0;55.0;72.0;0;0.0;8;61.0;0.0;340.0;35.333333333333336;30;39;40;40;15.0;7;36;38;33;0;1;1;0.0;33.888888888888886
72.0;82.0;69.0;0;0.0;10;60.0;0.0;341.0;34.266666666666666;30;35;43;38;15.0;7;35;32;32;0;1;1;0.0;36.111111111111114
72.0;64.0;72.0;1;0.0;11;63.0;0.0;336.0;38.53333333333333;41;36;38;42;15.0;7;40;37;37;0;1;1;0.0;34.5
74.0;59.0;67.0;0;0.0;19;60.0;0.0;339.0;36.666666666666664;32;33;40;34;15.0;7;36;34;42;0;1;2;0.0;38.94444444444444
72.0;68.0;70.0;0;0.0;4;65.0;0.0;337.0;35.86666666666667;31;38;33;40;15.0;7;43;33;36;0;1;2;0.0;33.833333333333336
66.0;41.0;76.0;0;0.0;5;63.0;0.0;339.0;33.93333333333333;30;41;39;36;15.0;7;36;31;30;0;1;1;0.0;32.44444444444444
70.0;57.0;70.0;0;0.0;20;65.0;0.0;336.0;34.733333333333334;30;33;39;40;15.0;7;36;35;35;0;1;1;0.0;35.72222222222222
74.0;64.0;70.0;1;0.0;8;63.0;0.0;328.0;38.266666666666666;34;43;42;33;15.0;7;37;39;39;0;1;1;0.0;35.44444444444444
66.0;59.0;69.0;0;0.0;11;72.0;0.0;341.0;35.266666666666666;30;40;38;30;15.0;7;38;37;35;0;1;1;0.0;34.94444444444444
72.0;71.0;68.0;1;0.0;20;61.0;0.0;332.0;39.06666666666667;40;43;43;38;15.0;7;40;36;35;0;1;2;0.0;32.86666666666667
72.0;59.0;65.0;1;0.0;16;70.0;0.0;335.0;36.333333333333336;30;44;41;37;15.0;7;43;34;32;0;1;1;0.0;39.05555555555556
63.0;75.0;71.0;1;0.0;7;72.0;0.0;342.0;36.13333333333333;30;33;37;47;15.0;7;40;33;38;0;1;2;0.0;35.785714285714285
67.0;73.0;68.0;1;0.0;8;72.0;0.0;338.0;36.53333333333333;35;41;40;41;15.0;7;42;36;30;0;1;1;0.0;37.388888888888886
64.0;61.0;71.0;1;0.0;11;72.0;0.0;340.0;37.86666666666667;34;39;46;35;15.0;7;42;37;35;0;1;2;0.0;42.22222222222222
71.0;53.0;68.0;0;0.0;15;60.0;0.0;330.0;36.8;34;30;43;38;15.0;7;43;32;37;0;1;2;0.0;31.0
74.0;62.0;66.0;0;0.0;7;61.0;0.0;327.0;32.8;30;30;32;30;15.0;7;39;34;34;0;1;1;0.0;32.0
70.0;59.0;68.0;0;0.0;10;57.0;0.0;331.0;35.06666666666667;30;41;39;33;15.0;7;40;35;32;0;1;2;0.0;32.22222222222222
74.0;52.0;71.0;0;0.0;20;57.0;0.0;321.0;35.266666666666666;32;35;43;41;15.0;7;39;34;31;0;1;2;0.0;27.0
67.0;73.0;75.0;0;0.0;20;58.0;0.0;327.0;30.2;26;30;36;33;8.0;5;41;32;24;2;1;3;7.0;22.5
70.0;75.0;67.0;1;0.0;18;61.0;0.0;331.0;36.4;30;39;45;40;15.0;7;42;36;32;0;1;1;0.0;41.22222222222222
69.0;61.0;64.0;1;0.0;8;72.0;0.0;335.0;38.6;34;44;39;41;15.0;7;43;40;36;0;1;1;0.0;37.5
65.0;53.0;70.0;1;0.0;11;69.0;0.0;333.0;32.0;30;30;30;40;15.0;7;38;30;31;0;1;2;0.0;29.5
69.0;65.0;67.0;0;0.0;8;58.0;0.0;328.0;33.666666666666664;30;37;38;35;15.0;7;37;36;30;0;1;2;0.0;37.46666666666667
69.0;61.0;65.0;0;0.0;18;65.0;0.0;330.0;34.53333333333333;30;39;40;38;15.0;7;39;34;30;0;1;1;0.0;35.111111111111114
64.0;50.0;67.0;1;0.0;7;79.0;0.0;335.0;36.4;30;40;41;40;15.0;7;44;38;32;0;1;1;0.0;39.833333333333336
61.0;75.0;63.0;1;0.0;11;79.0;0.0;344.0;34.6;30;30;44;37;15.0;7;39;34;33;0;1;2;0.0;33.388888888888886
69.0;58.0;69.0;0;0.0;4;61.0;0.0;323.0;36.06666666666667;30;37;37;33;15.0;7;37;32;41;0;1;2;0.0;35.77777777777778
74.0;53.0;63.0;0;0.0;10;63.0;0.0;323.0;36.733333333333334;32;43;39;39;15.0;7;41;38;33;0;1;2;0.0;36.5
66.0;84.0;66.0;0;0.0;20;60.0;0.0;331.0;31.6;30;37;32;32;15.0;7;30;30;31;0;1;2;0.0;33.05555555555556
60.0;77.0;69.0;1;0.0;16;75.0;0.0;337.0;30.933333333333334;24;33;35;30;12.0;6;38;30;30;1;1;3;3.0;8.75
75.0;53.0;62.0;0;53.0;5;56.0;69.0;435.0;33.733333333333334;34;37;30;36;15.0;7;38;30;32;0;1;1;0.0;33.388888888888886
84.0;58.0;64.0;0;47.0;11;58.0;51.0;416.0;37.266666666666666;38;47;37;40;15.0;7;34;33;34;0;1;1;0.0;39.72222222222222
60.0;53.0;58.0;1;66.0;11;54.0;62.0;431.0;36.86666666666667;34;47;39;31;15.0;7;41;38;32;0;1;2;0.0;36.22222222222222
76.0;49.0;68.0;0;53.0;8;49.0;52.0;421.0;36.93333333333333;32;42;37;31;15.0;7;39;35;39;0;1;1;0.0;34.888888888888886
64.0;61.0;54.0;1;56.0;19;70.0;64.0;420.0;35.2;38;39;40;34;15.0;7;36;30;30;0;1;1;0.0;31.72222222222222
68.0;58.0;57.0;0;47.0;11;60.0;69.0;415.0;37.13333333333333;34;42;33;32;15.0;7;39;31;41;0;1;3;0.0;19.11111111111111
62.0;60.0;72.0;0;59.0;20;56.0;55.0;427.0;33.46666666666667;30;36;38;35;15.0;7;31;35;33;0;1;1;0.0;38.111111111111114
60.0;52.0;53.0;1;51.0;20;67.0;59.0;414.0;35.666666666666664;38;30;41;38;15.0;7;40;37;31;0;1;4;0.0;34.833333333333336
68.0;47.0;59.0;0;49.0;10;63.0;44.0;403.0;29.333333333333332;30;34;37;34;11.0;6;37;32;17;1;1;1;4.0;4.0
69.96;44.93;59.32;0;60.48;18;54.28;68.57;419.3;42.13333333333333;36;43;43;41;15.0;7;42;39;47;0;1;1;0.0;40.166666666666664
56.0;75.0;50.0;1;53.0;11;55.0;59.0;405.0;39.8;42;38;45;41;15.0;7;37;30;40;0;1;1;0.0;37.5
60.0;66.0;57.0;0;62.0;1;62.0;69.0;424.0;33.13333333333333;33;36;33;38;13.0;6;25;32;35;1;2;2;2.0;10.0
60.0;53.0;55.0;0;41.0;16;56.0;70.0;401.0;38.733333333333334;31;42;42;38;15.0;7;40;34;42;0;1;1;0.0;37.72222222222222
65.0;68.0;68.0;0;46.0;4;52.0;59.0;406.0;35.46666666666667;32;40;40;37;15.0;7;43;33;30;0;1;1;0.0;34.888888888888886
57.0;46.0;61.0;0;47.0;9;52.0;50.0;398.0;35.0;31;33;43;35;15.0;7;35;31;36;0;1;3;0.0;36.333333333333336
67.0;70.0;61.0;0;37.0;8;55.0;66.0;401.0;38.13333333333333;31;37;45;38;15.0;7;44;33;39;0;1;1;0.0;35.166666666666664
73.0;51.0;57.0;0;59.0;20;53.0;57.0;406.0;35.733333333333334;44;30;32;31;15.0;7;41;31;34;0;1;3;0.0;30.5
77.0;48.0;59.0;0;47.0;20;53.0;52.0;393.0;36.0;35;41;37;36;15.0;7;42;39;30;0;1;1;0.0;31.22222222222222
57.0;56.0;55.0;0;59.0;10;64.0;59.0;408.0;33.8;32;41;33;32;15.0;7;36;35;31;0;1;2;0.0;35.333333333333336
68.0;43.0;57.0;0;40.0;20;50.0;54.0;385.0;37.333333333333336;31;40;40;40;15.0;7;43;37;36;0;1;1;0.0;36.166666666666664
68.0;74.0;57.0;0;51.0;20;58.0;59.0;404.0;31.333333333333332;31;35;30;31;15.0;7;32;32;30;0;1;2;0.0;35.22222222222222
58.0;59.0;62.0;0;56.0;8;52.0;56.0;403.0;31.133333333333333;31;27;35;32;9.0;5;42;30;26;2;2;1;6.0;43.0
67.0;71.0;67.0;1;0.0;7;63.0;0.0;325.0;34.8;31;41;39;35;15.0;7;41;32;30;0;1;2;0.0;36.888888888888886
58.0;60.0;54.0;0;0.0;18;62.0;0.0;308.0;36.93333333333333;30;37;46;40;15.0;7;43;40;33;0;1;1;0.0;39.666666666666664
61.0;57.0;77.0;1;0.0;10;57.0;0.0;323.0;35.333333333333336;30;42;39;37;15.0;7;41;39;30;0;1;1;0.0;35.666666666666664
58.0;48.0;47.0;0;50.0;18;54.0;52.0;374.0;37.8;30;35;44;36;15.0;7;40;35;42;0;1;2;0.0;38.333333333333336
69.0;68.0;69.0;0;0.0;20;48.0;0.0;320.0;39.733333333333334;46;40;42;35;15.0;7;40;39;35;0;1;3;0.0;36.888888888888886
61.0;59.0;72.0;0;0.0;8;69.0;0.0;330.0;13.0;12;19;18;34;1.0;1;7;9;7;6;3;2;14.0;3.0
61.0;50.0;56.0;1;62.0;8;67.0;62.0;430.0;34.46666666666667;31;39;38;32;15.0;7;36;46;30;0;1;1;0.0;31.333333333333332
70.0;59.0;64.0;0;0.0;7;65.0;0.0;325.0;31.266666666666666;30;30;31;34;15.0;7;34;31;31;0;1;2;0.0;30.733333333333334
66.0;60.0;70.0;1;0.0;3;65.0;0.0;323.0;36.93333333333333;31;33;46;40;15.0;7;39;33;38;0;1;1;0.0;38.77777777777778
63.0;69.0;66.0;0;0.0;8;63.0;0.0;328.0;34.53333333333333;38;30;37;30;15.0;7;39;30;33;0;1;2;0.0;33.72222222222222
72.0;54.0;60.0;0;0.0;20;56.0;0.0;320.0;25.733333333333334;16;22;34;36;6.0;4;37;32;21;3;1;3;9.0;22.0
63.0;62.0;63.0;1;0.0;18;72.0;0.0;330.0;28.2;18;30;37;35;7.0;4;40;20;25;3;1;4;8.0;25.0
67.0;58.0;64.0;1;0.0;11;65.0;0.0;322.0;38.6;30;32;44;39;15.0;7;45;40;42;0;1;1;0.0;39.166666666666664
64.0;77.0;65.0;0;0.0;10;63.0;0.0;327.0;23.933333333333334;21;16;35;37;6.0;4;30;33;16;3;1;2;9.0;9.0
79.0;78.0;79.0;0;0.0;8;68.0;0.0;251.5;40.53333333333333;40;41;43;39;15.0;7;39;35;42;0;1;1;0.0;40.166666666666664
66.0;48.0;69.0;1;0.0;19;70.0;0.0;325.0;36.86666666666667;32;36;41;43;15.0;7;45;34;34;0;1;1;0.0;37.72222222222222
67.0;69.0;67.0;0;0.0;10;61.0;0.0;324.0;36.8;48;35;31;30;15.0;7;39;36;33;0;1;3;0.0;38.166666666666664
67.0;65.0;70.0;1;0.0;10;54.0;0.0;323.0;35.2;30;42;38;42;15.0;7;39;38;30;0;1;1;0.0;38.111111111111114
100.0;85.0;81.0;0;0.0;11;83.0;0.0;450.0;39.8;46;32;33;46;15.0;7;30;39;46;0;3;1;0.0;29.444444444444443
81.0;85.0;78.0;0;0.0;13;75.0;0.0;389.0;41.06666666666667;44;40;42;42;15.0;7;42;38;39;0;1;1;0.0;33.5
83.0;80.0;76.0;1;0.0;10;67.0;0.0;373.0;36.333333333333336;35;40;37;38;15.0;7;35;38;35;0;1;2;0.0;36.611111111111114
81.0;65.0;82.0;0;0.0;6;64.0;0.0;367.0;36.86666666666667;31;40;39;39;15.0;7;47;37;33;0;1;1;0.0;35.27777777777778
83.0;66.0;64.0;0;0.0;7;79.0;0.0;383.0;35.93333333333333;30;38;42;40;15.0;7;43;35;32;0;1;1;0.0;36.55555555555556
86.0;67.0;69.0;1;0.0;11;67.0;0.0;359.0;31.666666666666668;30;32;33;32;15.0;7;30;31;33;0;1;2;0.0;29.416666666666668
86.0;57.0;76.0;0;0.0;11;59.0;0.0;348.0;36.333333333333336;32;39;42;39;15.0;7;46;36;30;0;1;1;0.0;36.22222222222222
86.0;52.0;70.0;0;0.0;10;69.0;0.0;351.0;39.4;39;42;40;45;15.0;7;45;39;34;0;1;1;0.0;34.5
75.0;90.0;70.0;1;0.0;20;67.0;0.0;365.0;37.666666666666664;38;34;45;40;15.0;7;41;35;34;0;1;1;0.0;35.388888888888886
71.0;62.0;74.0;1;0.0;10;76.0;0.0;364.0;40.666666666666664;45;45;39;42;15.0;7;49;39;32;0;1;1;0.0;39.72222222222222
70.0;55.0;81.0;0;0.0;8;64.0;0.0;357.0;38.0;40;46;38;37;15.0;7;36;37;34;0;1;1;0.0;37.22222222222222
71.0;62.0;76.0;0;0.0;11;65.0;0.0;358.0;40.4;46;41;43;45;15.0;7;47;41;30;0;1;1;0.0;37.611111111111114
79.0;55.0;76.0;1;0.0;7;56.0;0.0;341.0;40.06666666666667;49;44;42;43;15.0;7;35;41;32;0;1;1;0.0;38.611111111111114
81.0;61.0;65.0;1;0.0;15;65.0;0.0;349.0;38.06666666666667;34;45;42;39;15.0;7;34;40;37;0;1;1;0.0;40.666666666666664
75.0;53.0;76.0;1;0.0;1;61.0;0.0;345.0;33.13333333333333;30;30;35;37;15.0;7;31;38;35;0;1;2;0.0;31.444444444444443
81.0;81.0;67.0;0;0.0;7;60.0;0.0;343.0;39.666666666666664;40;39;44;39;15.0;7;39;36;39;0;1;1;0.0;37.333333333333336
71.0;55.0;78.0;0;0.0;20;61.0;0.0;340.0;37.86666666666667;36;47;40;42;15.0;7;38;36;33;0;1;1;0.0;36.111111111111114
73.0;54.0;70.0;0;0.0;16;67.0;0.0;345.0;37.4;37;39;34;35;15.0;7;34;33;42;0;1;2;0.0;36.888888888888886
79.0;58.0;75.0;1;0.0;20;53.0;0.0;329.0;40.666666666666664;44;42;45;45;15.0;7;43;41;33;0;1;1;0.0;37.72222222222222
77.0;61.0;69.0;1;0.0;4;65.0;0.0;336.0;33.93333333333333;31;38;42;33;15.0;7;34;35;30;0;1;1;0.0;35.5
62.0;93.0;75.0;0;0.0;8;67.0;0.0;351.0;35.333333333333336;33;34;38;40;15.0;7;35;37;35;0;1;2;0.0;34.27777777777778
74.0;85.0;69.0;1;0.0;4;60.0;0.0;337.0;34.4;31;38;40;39;15.0;7;35;34;31;0;1;1;0.0;33.611111111111114
70.0;67.0;68.0;1;0.0;1;61.0;0.0;343.0;38.06666666666667;34;37;39;44;15.0;7;43;31;39;0;1;1;0.0;34.72222222222222
67.0;68.0;74.0;0;0.0;18;64.0;0.0;340.0;32.0;33;31;31;37;15.0;7;32;32;31;0;1;2;0.0;14.0
73.0;55.0;72.0;1;0.0;10;59.0;0.0;333.0;43.86666666666667;48;39;43;44;15.0;7;50;42;41;0;1;1;0.0;43.44444444444444
68.0;54.0;69.0;0;0.0;20;64.0;0.0;343.0;36.2;39;35;41;34;15.0;7;41;34;31;0;1;2;0.0;33.94444444444444
60.0;60.0;76.0;1;0.0;10;65.0;0.0;345.0;42.06666666666667;45;37;41;45;15.0;7;48;39;40;0;1;1;0.0;34.27777777777778
73.0;57.0;69.0;1;0.0;20;61.0;0.0;332.0;34.6;30;38;37;38;15.0;7;35;31;35;0;1;2;0.0;35.666666666666664
62.0;80.0;74.0;0;0.0;11;67.0;0.0;341.0;34.46666666666667;35;36;38;36;15.0;7;37;34;30;0;1;2;0.0;36.888888888888886
70.0;44.0;66.0;0;0.0;11;75.0;0.0;338.0;34.733333333333334;34;40;40;32;15.0;7;35;33;31;0;1;3;0.0;34.611111111111114
70.0;71.0;68.0;1;0.0;19;63.0;0.0;332.0;33.13333333333333;34;30;35;41;11.0;6;39;34;28;1;1;2;4.0;32.0
67.0;52.0;76.0;0;0.0;11;59.0;0.0;327.0;36.333333333333336;33;38;38;39;15.0;7;36;35;37;0;1;1;0.0;35.44444444444444
70.0;71.0;72.0;0;0.0;20;58.0;0.0;326.0;38.2;40;34;47;32;15.0;7;38;39;36;0;1;2;0.0;35.53333333333333
66.0;89.0;71.0;0;0.0;6;60.0;0.0;333.0;39.266666666666666;42;35;49;37;15.0;7;46;38;32;0;1;2;0.0;36.44444444444444
72.0;65.0;67.0;0;0.0;8;65.0;0.0;328.0;37.13333333333333;35;36;41;37;15.0;7;41;39;35;0;1;2;0.0;37.333333333333336
67.0;55.0;69.0;1;0.0;20;64.0;0.0;332.0;34.53333333333333;34;31;30;37;15.0;7;37;31;38;0;2;2;0.0;32.27777777777778
68.0;55.0;69.0;0;0.0;20;61.0;0.0;329.0;38.93333333333333;30;42;43;39;15.0;7;48;41;37;0;1;1;0.0;43.0
61.0;69.0;66.0;1;0.0;7;75.0;0.0;343.0;36.333333333333336;33;32;32;33;15.0;7;45;39;39;0;1;2;0.0;31.666666666666668
67.0;54.0;67.0;0;0.0;1;63.0;0.0;332.0;22.133333333333333;6;14;38;37;5.0;3;39;27;17;4;1;1;10.0;9.0
67.0;75.0;69.0;1;0.0;8;63.0;0.0;330.0;34.53333333333333;30;30;32;36;15.0;7;41;30;39;0;1;3;0.0;27.333333333333332
70.0;55.0;68.0;0;0.0;6;67.0;0.0;326.0;34.333333333333336;30;33;35;35;15.0;7;41;32;35;0;1;2;0.0;36.388888888888886
73.0;47.0;69.0;0;0.0;8;55.0;0.0;319.0;34.13333333333333;35;30;37;37;15.0;7;42;32;30;0;1;2;0.0;35.55555555555556
75.0;49.0;68.0;0;0.0;7;52.0;0.0;315.0;38.46666666666667;30;42;39;39;15.0;7;46;34;40;0;1;2;0.0;34.0
73.0;57.0;63.0;0;0.0;20;61.0;0.0;323.0;32.6;31;31;32;40;15.0;7;36;38;30;0;1;1;0.0;36.0
75.0;52.0;68.0;1;0.0;5;58.0;0.0;311.0;34.86666666666667;30;37;34;32;15.0;7;42;31;36;0;1;1;0.0;36.55555555555556
65.0;57.0;72.0;0;0.0;7;62.0;0.0;321.0;39.2;30;34;43;40;15.0;7;45;38;44;0;1;1;0.0;37.22222222222222
68.0;43.0;72.0;1;0.0;11;55.0;0.0;315.0;34.666666666666664;32;38;37;40;15.0;7;42;30;30;0;1;3;0.0;31.22222222222222
75.0;58.0;63.0;0;54.0;4;63.0;53.0;438.0;36.8;41;41;33;38;15.0;7;30;31;38;0;3;3;0.0;32.333333333333336
63.0;61.0;68.0;1;0.0;8;64.0;0.0;326.0;33.6;29;42;39;35;8.0;5;41;34;26;2;1;2;7.0;30.0
69.0;58.0;61.0;1;0.0;11;70.0;0.0;323.0;38.06666666666667;42;38;47;40;15.0;7;40;35;30;0;1;2;0.0;35.333333333333336
68.0;71.0;64.0;0;0.0;8;54.0;0.0;322.0;35.4;37;34;37;38;15.0;7;42;32;31;0;1;2;0.0;37.666666666666664
62.0;67.0;66.0;0;0.0;18;63.0;0.0;328.0;39.13333333333333;34;38;39;40;15.0;7;45;33;42;0;1;2;0.0;24.11111111111111
66.0;69.0;60.0;0;0.0;20;69.0;0.0;329.0;34.93333333333333;31;31;38;37;15.0;7;45;34;33;0;1;2;0.0;36.94444444444444
69.0;56.0;67.0;0;0.0;20;58.0;0.0;316.0;37.0;35;42;36;39;15.0;7;41;37;34;0;1;1;0.0;39.55555555555556
73.0;58.0;49.0;1;69.0;11;74.0;54.0;435.0;33.86666666666667;42;34;30;34;15.0;7;32;36;30;0;2;2;0.0;36.166666666666664
61.16;58.01;67.08;0;59.25;10;56.32;68.87;443.29;37.8;38;42;32;35;15.0;7;40;38;38;0;1;3;0.0;25.470588235294116
70.0;52.0;69.0;0;53.0;20;53.0;55.0;428.0;31.4;28;40;30;34;7.0;4;37;27;28;3;1;3;8.0;7.25
59.0;68.0;49.0;0;49.0;7;61.0;61.0;411.0;42.06666666666667;41;40;41;36;15.0;7;39;36;49;0;1;2;0.0;26.866666666666667
63.0;80.0;47.0;1;58.0;8;63.0;50.0;415.0;38.13333333333333;34;40;47;38;15.0;7;42;38;34;0;1;2;0.0;34.0
62.0;42.0;47.0;0;44.0;18;71.0;61.0;410.0;36.0;30;42;39;38;15.0;7;40;38;33;0;1;1;0.0;35.111111111111114
68.0;80.0;58.0;1;59.0;17;62.0;57.0;422.0;39.6;35;44;40;37;15.0;7;42;40;40;0;1;1;0.0;41.111111111111114
73.0;80.0;56.0;0;56.0;8;57.0;52.0;414.0;33.733333333333334;44;31;37;37;11.0;6;31;31;27;1;1;2;4.0;26.666666666666668
61.0;61.0;54.0;0;55.0;8;45.0;53.0;406.0;25.733333333333334;18;30;35;36;8.0;5;40;38;12;2;1;2;7.0;31.0
65.0;43.0;65.0;0;49.0;19;48.0;77.0;421.0;32.6;31;32;33;36;15.0;7;31;32;34;0;3;3;0.0;29.2
62.0;50.0;58.0;0;54.0;7;67.0;62.0;420.0;26.2;20;18;40;35;6.0;4;43;36;15;3;1;3;9.0;3.0
68.0;80.0;62.0;0;49.0;16;65.0;66.0;420.0;36.6;33;41;37;36;15.0;7;40;34;36;0;1;1;0.0;40.55555555555556
69.0;43.0;58.0;0;59.0;19;57.0;55.0;414.0;36.0;30;40;38;35;15.0;7;40;31;37;0;1;2;0.0;36.833333333333336
60.0;72.0;53.0;1;51.0;12;56.0;58.0;403.0;40.86666666666667;45;42;42;34;15.0;7;43;38;38;0;1;1;0.0;39.0
70.0;57.0;59.0;0;50.0;7;59.0;57.0;406.0;34.266666666666666;35;33;36;31;15.0;7;38;36;32;0;1;3;0.0;33.333333333333336
64.0;50.0;59.0;0;40.0;4;68.0;50.0;389.0;35.8;36;32;35;38;15.0;7;41;35;35;0;1;3;0.0;36.666666666666664
65.0;53.0;64.0;1;0.0;10;53.0;0.0;292.0;35.06666666666667;30;33;35;34;15.0;7;42;30;38;0;1;3;0.0;30.72222222222222
62.0;41.0;48.0;1;0.0;3;59.0;0.0;293.0;35.666666666666664;32;33;39;35;15.0;7;41;38;35;0;1;1;0.0;34.94444444444444
75.0;58.0;70.0;0;0.0;6;69.0;0.0;351.0;36.8;31;36;38;37;15.0;7;40;34;40;0;1;1;0.0;34.416666666666664
68.0;70.0;59.0;1;0.0;1;69.0;0.0;338.0;34.0;30;39;35;36;15.0;7;43;30;30;0;1;2;0.0;35.388888888888886
77.0;66.0;78.0;0;0.0;15;64.0;0.0;355.0;36.666666666666664;34;37;41;37;15.0;7;42;35;34;0;1;1;0.0;36.166666666666664
69.0;54.0;68.0;1;0.0;7;55.0;0.0;310.0;34.0;30;30;41;40;15.0;7;42;34;30;0;1;1;0.0;34.8
64.0;48.0;69.0;1;0.0;19;63.0;0.0;316.0;42.4;46;36;41;38;15.0;7;42;38;46;0;1;1;0.0;39.888888888888886
59.0;58.0;59.0;0;46.0;11;52.0;54.0;397.0;43.06666666666667;48;40;40;32;15.0;7;42;42;46;0;1;1;0.0;40.611111111111114
70.0;53.0;67.0;0;0.0;20;58.0;0.0;313.0;28.4;30;31;36;34;11.0;6;39;34;14;1;1;2;4.0;17.0
68.0;43.0;67.0;0;0.0;4;58.0;0.0;313.0;32.46666666666667;31;30;38;32;15.0;7;38;30;30;0;1;3;0.0;34.0
70.0;59.0;62.0;1;0.0;8;62.0;0.0;318.0;35.333333333333336;34;33;38;41;15.0;7;40;33;33;0;1;2;0.0;36.611111111111114
62.0;72.0;67.0;0;0.0;19;59.0;0.0;316.0;32.93333333333333;30;30;38;38;15.0;7;38;34;30;0;1;1;0.0;34.05555555555556
66.0;58.0;67.0;0;0.0;8;65.0;0.0;319.0;35.8;32;43;37;38;15.0;7;42;31;32;0;1;1;0.0;27.133333333333333
68.0;53.0;59.0;0;0.0;10;59.0;0.0;320.0;37.6;33;34;39;37;15.0;7;41;36;41;0;1;3;0.0;36.666666666666664
70.0;53.0;61.0;0;0.0;19;64.0;0.0;315.0;33.8;32;34;36;36;15.0;7;41;33;30;0;1;1;0.0;31.11111111111111
62.0;58.0;69.0;0;0.0;11;55.0;0.0;322.0;34.0;31;35;37;37;15.0;7;41;34;30;0;1;1;0.0;35.666666666666664
67.0;52.0;47.0;0;51.0;20;50.0;66.0;392.0;33.53333333333333;40;30;30;30;15.0;7;34;33;33;0;1;3;0.0;34.27777777777778
67.0;51.0;59.0;0;0.0;7;60.0;0.0;312.0;39.2;41;37;44;48;15.0;7;48;35;31;0;1;2;0.0;33.05555555555556
65.0;57.0;59.0;1;0.0;8;58.0;0.0;314.0;37.4;34;31;39;33;15.0;7;42;34;42;0;1;2;0.0;30.333333333333332
68.0;43.0;64.0;1;0.0;6;58.0;0.0;310.0;29.666666666666668;31;31;37;48;11.0;6;30;32;19;1;1;2;4.0;37.333333333333336
67.0;55.0;67.0;1;0.0;11;49.0;0.0;302.0;36.733333333333334;31;35;45;48;15.0;7;41;32;34;0;1;1;0.0;35.833333333333336
71.0;64.0;61.0;0;0.0;19;62.0;0.0;318.0;43.4;46;41;41;48;15.0;7;44;41;43;0;1;1;0.0;36.0
73.0;50.0;46.0;1;50.0;18;57.0;60.0;389.0;40.86666666666667;32;42;43;48;15.0;7;44;43;42;0;1;1;0.0;36.111111111111114
72.0;73.0;67.0;1;0.0;10;75.0;0.0;347.0;37.46666666666667;32;37;42;36;15.0;7;39;46;37;0;1;2;0.0;35.333333333333336
71.0;55.0;69.0;0;0.0;10;71.0;0.0;342.0;37.93333333333333;35;37;47;42;15.0;7;32;38;38;0;2;2;0.0;28.61111111111111
74.0;58.0;51.0;0;53.0;7;60.0;59.0;416.0;38.0;37;46;38;41;15.0;7;30;38;38;0;1;1;0.0;38.72222222222222
68.0;74.0;67.0;1;0.0;8;65.0;0.0;338.0;41.53333333333333;43;42;50;49;15.0;7;38;45;35;0;1;1;0.0;37.666666666666664
86.0;87.0;79.0;1;0.0;7;68.0;0.0;376.0;38.46666666666667;37;39;36;46;15.0;7;37;44;38;0;1;1;0.0;22.555555555555557
60.0;76.0;69.0;1;0.0;7;67.0;0.0;357.0;31.0;30;31;45;41;11.0;6;32;38;20;1;1;2;4.0;43.0
67.0;68.0;70.0;1;0.0;4;74.0;0.0;350.0;37.0;37;40;42;35;15.0;7;40;45;30;0;1;1;0.0;33.77777777777778
82.0;85.0;62.0;0;0.0;10;57.0;0.0;329.0;34.4;30;40;34;37;15.0;7;34;41;33;0;1;1;0.0;34.833333333333336
78.0;49.0;71.0;0;0.0;5;66.0;0.0;338.0;38.266666666666666;39;39;35;38;15.0;7;41;41;37;0;1;2;0.0;35.166666666666664
69.0;61.0;65.0;1;0.0;20;65.0;0.0;341.0;35.733333333333334;31;39;42;41;15.0;7;39;42;30;0;1;2;0.0;34.333333333333336
82.0;60.0;61.0;1;0.0;19;65.0;0.0;339.0;35.266666666666666;31;39;44;36;15.0;7;35;44;30;0;1;1;0.0;36.388888888888886
84.0;62.0;70.0;0;0.0;10;57.0;0.0;340.0;36.733333333333334;36;40;44;41;15.0;7;35;36;32;0;1;1;0.0;35.666666666666664
70.0;68.0;77.0;1;0.0;7;67.0;0.0;352.0;39.266666666666666;32;41;49;41;15.0;7;41;46;36;0;1;1;0.0;34.55555555555556
87.0;49.0;63.0;0;0.0;11;57.0;0.0;336.0;35.86666666666667;40;37;38;42;15.0;7;34;38;30;0;1;1;0.0;36.588235294117645
84.0;58.0;81.0;0;0.0;8;62.0;0.0;370.0;34.8;37;31;42;39;15.0;7;33;40;30;0;1;3;0.0;35.333333333333336
75.0;55.0;75.0;1;0.0;8;74.0;0.0;365.0;39.666666666666664;33;42;50;41;15.0;7;43;45;35;0;1;1;0.0;40.666666666666664
84.0;77.0;72.0;0;0.0;9;61.0;0.0;358.0;33.06666666666667;36;31;32;43;15.0;7;30;35;31;0;2;2;0.0;20.2
68.0;71.0;65.0;1;56.0;6;60.0;62.0;423.0;40.06666666666667;38;42;44;41;15.0;7;35;40;41;0;1;1;0.0;39.05555555555556
82.0;68.0;70.0;1;0.0;11;65.0;0.0;355.0;33.86666666666667;31;35;43;33;15.0;7;30;38;32;0;1;1;0.0;35.25
70.0;85.0;62.0;1;0.0;16;80.0;0.0;353.0;35.86666666666667;31;37;42;39;15.0;7;40;44;31;0;1;1;0.0;38.5
78.0;68.0;71.0;1;0.0;8;71.0;0.0;365.0;36.733333333333334;30;31;45;42;15.0;7;38;43;37;0;1;2;0.0;37.75
66.0;100.0;70.0;0;0.0;4;67.0;0.0;365.0;35.93333333333333;32;36;38;43;15.0;7;34;44;35;0;1;1;0.0;34.5
72.0;68.0;66.0;0;0.0;7;62.0;0.0;335.0;38.6;38;33;42;34;15.0;7;43;43;38;0;1;1;0.0;39.611111111111114
76.0;57.0;76.0;1;0.0;16;57.0;0.0;329.0;38.86666666666667;30;35;47;41;15.0;7;38;44;42;0;1;1;0.0;36.888888888888886
80.0;60.0;78.0;0;0.0;20;67.0;0.0;352.0;37.86666666666667;39;33;47;37;15.0;7;37;44;34;0;1;2;0.0;32.2
78.0;64.0;73.0;0;0.0;15;56.0;0.0;340.0;38.266666666666666;38;34;49;38;15.0;7;39;42;34;0;1;3;0.0;33.6
68.0;63.0;68.0;0;0.0;11;71.0;0.0;335.0;38.53333333333333;38;37;49;40;15.0;7;44;44;30;0;1;1;0.0;39.55555555555556
78.0;71.0;68.0;1;0.0;7;65.0;0.0;361.0;34.93333333333333;34;33;37;35;15.0;7;42;43;30;0;1;2;0.0;35.55555555555556
78.0;52.0;53.0;1;56.0;4;56.0;62.0;415.0;37.53333333333333;34;32;39;42;15.0;7;43;43;37;0;1;2;0.0;36.833333333333336
77.0;49.0;65.0;0;0.0;11;65.0;0.0;337.0;37.06666666666667;37;31;42;39;15.0;7;34;36;39;0;1;3;0.0;36.0
84.0;58.0;67.0;1;0.0;7;59.0;0.0;341.0;36.0;31;40;39;40;15.0;7;39;43;32;0;1;1;0.0;35.8
74.0;75.0;69.0;1;43.0;7;64.0;59.0;412.0;38.0;34;32;40;46;15.0;7;32;42;43;0;1;1;0.0;28.27777777777778
76.0;60.0;83.0;1;0.0;4;76.0;0.0;360.0;41.266666666666666;38;40;50;44;15.0;7;42;45;38;0;1;1;0.0;41.05555555555556
72.0;65.0;73.0;1;0.0;8;80.0;0.0;363.0;36.46666666666667;31;45;39;36;15.0;7;42;34;33;0;1;1;0.0;35.833333333333336
72.0;53.0;71.0;0;0.0;2;57.0;0.0;339.0;34.4;30;40;38;38;15.0;7;41;30;30;0;1;1;0.0;34.833333333333336
82.0;76.0;90.0;0;0.0;10;69.0;0.0;422.0;36.666666666666664;40;46;40;38;11.0;6;40;36;26;1;1;1;4.0;27.0
58.0;54.0;45.0;0;58.0;5;58.0;54.0;416.0;37.6;39;40;39;37;15.0;7;43;34;33;0;1;1;0.0;33.833333333333336
96.0;85.0;71.0;0;0.0;9;69.0;0.0;377.0;39.13333333333333;31;44;43;40;15.0;7;43;38;39;0;1;1;0.0;34.833333333333336
67.0;73.0;66.0;1;0.0;4;71.0;0.0;342.0;35.2;31;42;35;36;15.0;7;44;37;30;0;1;1;0.0;33.166666666666664
84.0;70.0;63.0;1;0.0;20;53.0;0.0;335.0;37.266666666666666;37;39;38;37;15.0;7;44;37;33;0;1;1;0.0;37.22222222222222
70.0;73.0;68.0;0;0.0;20;65.0;0.0;336.0;36.6;40;30;41;38;15.0;7;43;43;30;0;1;2;0.0;30.416666666666668
74.0;46.0;66.0;0;0.0;16;61.0;0.0;330.0;34.8;34;39;35;39;15.0;7;39;35;30;0;1;2;0.0;33.333333333333336
70.0;79.0;73.0;1;0.0;20;69.0;0.0;353.0;37.733333333333334;38;41;38;42;15.0;7;40;40;33;0;1;1;0.0;35.611111111111114
72.0;77.0;78.0;0;0.0;18;69.0;0.0;360.0;38.733333333333334;38;45;37;39;15.0;7;42;36;36;0;1;1;0.0;27.0
72.0;73.0;70.0;1;0.0;11;71.0;0.0;345.0;35.8;35;37;36;39;15.0;7;43;37;31;0;1;1;0.0;34.72222222222222
78.0;57.0;55.0;0;58.0;20;52.0;69.0;432.0;38.93333333333333;31;36;50;35;15.0;7;33;50;42;0;2;2;0.0;27.333333333333332
65.0;79.0;65.0;0;0.0;7;69.0;0.0;340.0;32.733333333333334;41;30;30;36;15.0;7;30;32;30;0;1;3;0.0;31.75
74.0;52.0;55.0;1;70.0;6;68.0;59.0;442.0;38.06666666666667;36;40;39;37;15.0;7;44;36;36;0;1;1;0.0;38.083333333333336
69.0;68.0;72.0;0;0.0;11;60.0;0.0;331.0;36.6;40;36;38;43;15.0;7;42;34;30;0;1;2;0.0;35.333333333333336
70.0;54.0;73.0;1;0.0;7;63.0;0.0;342.0;37.733333333333334;34;44;41;38;15.0;7;44;36;33;0;1;1;0.0;37.166666666666664
74.0;76.0;80.0;0;0.0;8;71.0;0.0;367.0;32.733333333333334;22;37;39;38;12.0;6;42;31;30;1;1;3;3.0;33.22222222222222
67.0;80.0;63.0;1;0.0;8;85.0;0.0;356.0;37.333333333333336;36;40;38;37;15.0;7;43;37;34;0;1;1;0.0;12.083333333333334
69.0;82.0;68.0;1;0.0;11;69.0;0.0;345.0;42.93333333333333;46;38;37;41;15.0;7;43;33;49;0;1;1;0.0;35.888888888888886
70.0;79.0;70.0;1;0.0;8;57.0;0.0;329.0;37.13333333333333;31;46;40;38;15.0;7;42;34;34;0;1;1;0.0;37.05555555555556
59.0;79.0;71.0;0;0.0;8;69.0;0.0;345.0;25.8;18;42;38;37;8.0;5;41;38;4;2;1;3;7.0;29.22222222222222
71.0;59.0;62.0;0;48.0;1;64.0;57.0;420.0;36.266666666666666;38;38;36;40;15.0;7;34;34;35;0;1;1;0.0;35.833333333333336
97.0;80.0;65.0;1;55.0;8;55.0;62.0;466.0;45.4;50;48;37;41;15.0;7;44;32;50;0;1;1;0.0;36.166666666666664
65.0;53.0;63.0;0;50.0;11;58.0;58.0;413.0;35.46666666666667;30;43;36;37;15.0;7;42;43;30;0;1;1;0.0;33.833333333333336
82.0;50.0;60.0;1;0.0;20;54.0;0.0;323.0;36.733333333333334;36;39;31;37;15.0;7;44;38;35;0;1;1;0.0;37.55555555555556
70.0;55.0;71.0;1;0.0;18;53.0;0.0;328.0;38.333333333333336;37;38;40;36;15.0;7;44;32;38;0;1;1;0.0;33.666666666666664
74.0;76.0;64.0;1;0.0;8;71.0;0.0;348.0;39.266666666666666;30;45;43;40;15.0;7;43;37;40;0;1;1;0.0;37.111111111111114
84.0;68.0;83.0;0;0.0;20;65.0;0.0;379.0;36.13333333333333;34;43;36;38;15.0;7;43;34;31;0;1;1;0.0;34.666666666666664
83.0;52.0;76.0;0;0.0;8;62.0;0.0;352.0;39.46666666666667;38;43;35;38;15.0;7;41;34;42;0;1;1;0.0;39.666666666666664
82.0;80.0;78.0;0;0.0;11;62.0;0.0;365.0;36.86666666666667;32;40;49;39;15.0;7;42;36;30;0;1;1;0.0;37.888888888888886
71.0;48.0;53.0;0;50.0;20;57.0;51.0;407.0;38.266666666666666;35;42;43;39;15.0;7;43;38;34;0;1;1;0.0;36.083333333333336
74.0;76.0;60.0;1;0.0;7;63.0;0.0;332.0;40.2;45;30;46;37;15.0;7;42;39;39;0;1;1;0.0;38.611111111111114
74.0;100.0;62.0;0;0.0;16;65.0;0.0;360.0;38.6;36;35;45;38;15.0;7;42;33;39;0;1;2;0.0;34.6
71.0;65.0;71.0;1;0.0;8;65.0;0.0;339.0;40.0;32;41;42;39;15.0;7;43;45;42;0;1;1;0.0;37.44444444444444
79.0;60.0;77.0;1;0.0;18;63.0;0.0;346.0;41.4;44;32;46;37;15.0;7;43;46;41;0;1;1;0.0;40.611111111111114
67.0;80.0;67.0;1;0.0;8;65.0;0.0;348.0;33.06666666666667;39;30;34;33;15.0;7;32;34;30;0;1;1;0.0;30.75
76.0;76.0;71.0;1;0.0;10;69.0;0.0;359.0;38.0;32;32;45;38;15.0;7;43;32;41;0;1;1;0.0;36.27777777777778
68.0;47.0;63.0;0;0.0;18;55.0;0.0;296.0;38.0;35;45;44;38;15.0;7;44;37;31;0;1;1;0.0;36.27777777777778
48.0;55.0;53.0;1;0.0;20;65.0;0.0;295.0;21.666666666666668;0;3;35;32;6.0;4;39;34;10;2;1;0;6.0;24.0
70.0;49.0;67.0;0;0.0;8;57.0;0.0;323.0;31.666666666666668;33;36;30;37;11.0;6;41;33;23;1;1;2;4.0;27.666666666666668
80.0;52.0;63.0;0;0.0;10;56.0;0.0;312.0;34.93333333333333;31;33;39;37;15.0;7;41;40;32;0;1;3;0.0;33.55555555555556
72.0;53.0;68.0;0;0.0;6;60.0;0.0;324.0;34.8;36;34;36;37;15.0;7;32;41;33;0;1;1;0.0;31.666666666666668
74.0;58.0;65.0;1;0.0;14;52.0;0.0;319.0;36.0;30;36;46;37;15.0;7;42;45;30;0;1;2;0.0;40.8
62.0;60.0;70.0;0;0.0;7;65.0;0.0;333.0;35.06666666666667;31;30;45;37;15.0;7;42;38;31;0;1;2;0.0;32.611111111111114
65.0;77.0;64.0;0;0.0;5;67.0;0.0;334.0;36.46666666666667;32;34;38;35;15.0;7;43;42;36;0;1;2;0.0;36.294117647058826
70.0;68.0;67.0;0;0.0;8;62.0;0.0;327.0;39.0;32;40;46;35;15.0;7;39;36;42;0;1;1;0.0;35.666666666666664
67.0;63.0;73.0;1;0.0;8;60.0;0.0;324.0;39.86666666666667;38;38;42;37;15.0;7;43;45;39;0;1;1;0.0;39.166666666666664
79.0;58.0;59.0;0;0.0;20;55.0;0.0;322.0;35.06666666666667;29;32;45;36;12.0;6;41;35;33;1;1;4;3.0;27.833333333333332
64.0;65.0;66.0;0;0.0;11;67.0;0.0;335.0;22.933333333333334;14;27;37;36;6.0;4;36;30;9;3;1;2;9.0;11.0
61.0;60.0;65.0;1;0.0;5;76.0;0.0;342.0;39.6;40;38;42;38;15.0;7;42;40;38;0;1;1;0.0;28.166666666666668
72.0;59.0;65.0;1;0.0;11;60.0;0.0;327.0;40.86666666666667;37;39;44;43;15.0;7;42;41;42;0;1;1;0.0;36.4
70.0;53.0;71.0;0;0.0;10;57.0;0.0;322.0;41.2;44;38;40;35;15.0;7;43;41;42;0;1;3;0.0;33.111111111111114
72.0;65.0;61.0;0;0.0;5;65.0;0.0;328.0;35.6;34;34;40;38;15.0;7;38;30;35;0;1;3;0.0;29.583333333333332
77.0;55.0;60.0;0;40.0;5;59.0;56.0;400.0;34.86666666666667;39;35;32;37;15.0;7;37;33;32;0;1;1;0.0;39.05555555555556
59.0;60.0;48.0;0;45.0;7;56.0;62.0;394.0;41.46666666666667;46;44;40;36;15.0;7;36;40;42;0;1;1;0.0;35.05555555555556
65.0;53.0;55.0;0;59.0;19;60.0;62.0;412.0;33.93333333333333;41;32;31;38;15.0;7;34;34;30;0;1;1;0.0;32.55555555555556
76.0;62.0;62.0;1;0.0;6;54.0;0.0;316.0;38.0;37;37;49;37;15.0;7;41;44;31;0;1;2;0.0;35.2
70.0;57.0;67.0;0;0.0;9;57.0;0.0;322.0;38.666666666666664;30;44;36;35;15.0;7;42;39;43;0;1;2;0.0;37.111111111111114
68.0;59.0;66.0;1;0.0;2;57.0;0.0;324.0;35.8;31;41;37;44;15.0;7;43;38;30;0;1;1;0.0;31.933333333333334
97.0;76.0;69.0;0;0.0;1;64.0;0.0;381.0;40.6;40;40;37;43;15.0;7;47;42;39;0;1;2;0.0;35.0
64.0;45.0;53.0;0;37.0;4;53.0;49.0;363.0;37.333333333333336;31;30;43;38;15.0;7;40;43;40;0;1;2;0.0;39.0
80.0;73.0;69.0;0;0.0;8;64.0;0.0;358.0;39.0;31;45;37;38;15.0;7;43;40;41;0;1;1;0.0;31.333333333333332
72.0;67.0;59.0;1;0.0;7;57.0;0.0;315.0;35.46666666666667;33;43;42;41;11.0;6;45;48;21;1;1;2;4.0;37.0
75.0;76.0;73.0;1;0.0;11;65.0;0.0;356.0;39.86666666666667;37;42;37;43;15.0;7;43;44;39;0;1;2;0.0;36.27777777777778
63.0;65.0;67.0;1;0.0;20;67.0;0.0;324.0;33.86666666666667;32;40;31;33;15.0;7;38;41;30;0;1;2;0.0;33.63636363636363
67.0;70.0;66.0;0;0.0;10;50.0;0.0;307.0;37.53333333333333;40;42;36;42;15.0;7;41;39;31;0;1;2;0.0;36.083333333333336
76.0;49.0;57.0;0;0.0;8;57.0;0.0;310.0;42.0;34;39;45;42;15.0;7;49;44;44;0;1;1;0.0;40.611111111111114
72.0;57.0;62.0;0;0.0;10;56.0;0.0;306.0;37.8;43;39;35;40;15.0;7;40;42;32;0;1;2;0.0;33.75
82.0;82.0;63.0;0;0.0;10;63.0;0.0;343.0;38.6;34;42;40;43;15.0;7;44;42;35;0;1;2;0.0;34.2
79.0;59.0;71.0;0;0.0;20;60.0;0.0;338.0;37.53333333333333;37;43;39;41;15.0;7;40;43;31;0;1;2;0.0;32.13333333333333
73.0;53.0;58.0;0;0.0;9;57.0;0.0;311.0;36.93333333333333;33;41;40;40;15.0;7;40;41;33;0;1;3;0.0;40.0
70.0;54.0;76.0;0;0.0;8;58.0;0.0;343.0;40.8;36;44;40;40;15.0;7;39;42;44;0;1;1;0.0;35.388888888888886
80.0;58.0;60.0;0;0.0;7;66.0;0.0;344.0;36.07692307692308;30;31;0;31;13.0;6;42;30;43;0;1;1;0.0;30.0
80.0;55.0;67.0;1;0.0;8;60.0;0.0;335.0;38.13333333333333;42;41;40;44;15.0;7;37;42;31;0;1;2;0.0;36.94117647058823
81.0;50.0;65.0;1;0.0;1;67.0;0.0;330.0;37.733333333333334;38;42;44;43;15.0;7;30;45;33;0;1;2;0.0;33.888888888888886
70.0;57.0;72.0;0;0.0;16;60.0;0.0;332.0;33.86666666666667;33;36;35;39;15.0;7;31;42;31;0;1;2;0.0;39.25
70.0;46.0;71.0;0;0.0;1;58.0;0.0;326.0;39.06666666666667;37;44;41;30;15.0;7;43;33;39;0;1;2;0.0;34.0
72.0;57.0;61.0;1;0.0;20;69.0;0.0;333.0;41.53333333333333;41;48;38;37;15.0;7;43;41;41;0;1;1;0.0;36.166666666666664
67.0;71.0;63.0;1;0.0;9;69.0;0.0;338.0;35.266666666666666;31;42;39;36;15.0;7;43;32;30;0;1;1;0.0;33.833333333333336
68.0;70.0;66.0;1;0.0;20;65.0;0.0;332.0;42.733333333333334;45;47;38;37;15.0;7;43;41;43;0;1;1;0.0;37.44444444444444
68.0;52.0;68.0;1;0.0;5;57.0;0.0;326.0;39.4;38;42;39;34;15.0;7;44;37;39;0;1;1;0.0;36.0
72.0;62.0;63.0;1;0.0;4;58.0;0.0;324.0;40.2;41;39;39;32;15.0;7;43;42;41;0;1;1;0.0;37.5
74.0;53.0;57.0;0;0.0;15;73.0;0.0;326.0;35.2;30;41;37;39;15.0;7;44;35;30;0;1;2;0.0;37.0
62.0;58.0;70.0;1;0.0;18;69.0;0.0;329.0;36.6;36;41;40;31;15.0;7;43;42;30;0;1;1;0.0;35.94444444444444
64.0;77.0;65.0;0;0.0;8;63.0;0.0;327.0;31.8;32;35;30;30;15.0;7;34;33;30;0;1;3;0.0;30.583333333333332
73.0;56.0;61.0;1;0.0;8;62.0;0.0;318.0;40.06666666666667;35;43;38;37;15.0;7;43;43;42;0;1;1;0.0;38.22222222222222
63.0;62.0;64.0;0;0.0;11;63.0;0.0;330.0;32.733333333333334;29;37;40;33;8.0;5;43;39;23;2;1;2;7.0;33.0
67.0;50.0;70.0;0;0.0;11;52.0;0.0;316.0;35.4;30;42;37;36;15.0;7;42;35;32;0;1;1;0.0;34.166666666666664
70.0;63.0;62.0;1;0.0;7;59.0;0.0;320.0;36.93333333333333;41;42;39;33;11.0;6;43;38;28;1;1;3;4.0;37.875
67.0;62.0;59.0;1;0.0;1;65.0;0.0;327.0;34.93333333333333;30;42;37;32;15.0;7;42;40;30;0;1;1;0.0;36.666666666666664
73.0;51.0;60.0;1;0.0;20;58.0;0.0;310.0;38.53333333333333;31;43;39;33;15.0;7;42;36;42;0;1;1;0.0;29.666666666666668
65.0;49.0;47.0;0;53.0;16;57.0;51.0;383.0;35.06666666666667;33;36;37;38;15.0;7;32;35;36;0;1;1;0.0;30.6
62.0;46.0;58.0;0;54.0;18;71.0;53.0;417.0;37.93333333333333;39;45;41;34;15.0;7;44;38;30;0;1;1;0.0;35.0
52.0;63.0;45.0;1;48.0;8;64.0;59.0;390.0;33.666666666666664;31;31;30;30;15.0;7;30;32;42;0;1;1;0.0;29.933333333333334
60.0;51.0;55.0;0;48.0;6;58.0;54.0;395.0;28.4;21;35;24;36;6.0;4;36;33;26;3;2;3;9.0;24.166666666666668
73.0;56.0;56.0;0;48.0;8;60.0;58.0;408.0;45.46666666666667;50;42;39;39;15.0;7;43;45;50;0;1;1;0.0;39.0
59.0;66.0;55.0;1;59.0;5;62.0;69.0;410.0;38.53333333333333;44;46;38;38;15.0;7;41;38;30;0;1;1;0.0;38.666666666666664
58.0;45.0;71.0;0;50.0;8;56.0;69.0;419.0;34.06666666666667;31;40;33;30;15.0;7;42;30;32;0;1;2;0.0;29.933333333333334
64.0;70.0;59.0;0;53.0;10;62.0;64.0;438.0;36.93333333333333;31;43;36;31;15.0;7;45;38;36;0;1;1;0.0;34.0
73.0;53.0;61.0;0;0.0;10;58.0;0.0;322.0;36.0;30;45;39;36;15.0;7;44;38;30;0;1;1;0.0;33.583333333333336
73.0;64.0;69.0;1;0.0;11;63.0;0.0;348.0;42.8;43;40;42;34;15.0;7;45;41;46;0;1;1;0.0;39.888888888888886
68.0;52.0;66.0;1;0.0;20;59.0;0.0;332.0;40.2;38;41;42;35;15.0;7;45;42;39;0;1;1;0.0;39.94444444444444
74.0;82.0;68.0;0;0.0;20;71.0;0.0;358.0;40.86666666666667;43;41;37;38;15.0;7;45;40;40;0;1;1;0.0;36.27777777777778
70.0;49.0;65.0;0;0.0;11;64.0;0.0;323.0;35.4;31;38;37;36;15.0;7;44;40;31;0;1;2;0.0;31.133333333333333
62.0;63.0;65.0;1;0.0;8;65.0;0.0;330.0;36.13333333333333;32;42;41;34;15.0;7;46;34;30;0;1;1;0.0;35.0
74.0;53.0;67.0;1;0.0;8;64.0;0.0;343.0;35.8;31;41;40;36;15.0;7;44;38;30;0;1;1;0.0;40.266666666666666
91.0;85.0;78.0;1;0.0;10;68.0;0.0;390.0;36.86666666666667;31;43;46;33;15.0;7;43;39;31;0;1;1;0.0;36.22222222222222
70.0;59.0;69.0;0;0.0;18;63.0;0.0;337.0;34.6;36;47;33;34;11.0;6;41;39;24;1;1;1;4.0;28.11111111111111
70.0;56.0;67.0;0;0.0;20;66.0;0.0;335.0;38.333333333333336;40;30;45;36;15.0;7;44;37;36;0;1;2;0.0;32.833333333333336
68.0;51.0;62.0;1;0.0;20;64.0;0.0;325.0;36.2;32;32;45;35;15.0;7;44;38;33;0;1;2;0.0;32.0
78.0;65.0;65.0;1;0.0;20;69.0;0.0;334.0;35.4;30;34;40;38;15.0;7;43;33;34;0;1;1;0.0;36.333333333333336
87.0;54.0;64.0;1;0.0;8;58.0;0.0;335.0;40.666666666666664;39;37;44;37;15.0;7;46;42;40;0;1;1;0.0;37.666666666666664
73.0;66.0;62.0;0;0.0;11;62.0;0.0;330.0;35.93333333333333;30;36;41;34;15.0;7;45;39;33;0;1;1;0.0;40.166666666666664
73.0;66.0;66.0;1;0.0;20;60.0;0.0;332.0;33.53333333333333;35;34;32;35;15.0;7;30;31;35;0;1;2;0.0;31.916666666666668
76.0;76.0;57.0;0;0.0;7;60.0;0.0;326.0;38.53333333333333;40;35;33;38;15.0;7;43;34;41;0;1;2;0.0;34.111111111111114
67.0;62.0;69.0;1;0.0;8;59.0;0.0;320.0;36.8;34;39;40;30;15.0;7;41;36;36;0;1;2;0.0;35.86666666666667
76.0;85.0;62.0;1;0.0;7;57.0;0.0;326.0;38.6;30;42;44;37;15.0;7;42;40;39;0;1;1;0.0;32.94444444444444
74.0;74.0;72.0;0;0.0;16;64.0;0.0;346.0;31.133333333333333;24;31;30;31;12.0;6;42;34;31;1;1;2;3.0;7.0
84.0;62.0;67.0;0;0.0;11;64.0;0.0;352.0;33.8;34;33;30;35;15.0;7;41;34;32;0;1;2;0.0;36.75
69.0;55.0;65.0;1;0.0;7;65.0;0.0;321.0;38.333333333333336;35;40;42;30;15.0;7;44;44;36;0;1;1;0.0;35.77777777777778
65.0;58.0;65.0;1;0.0;20;68.0;0.0;333.0;36.0;31;33;44;35;15.0;7;44;34;34;0;1;2;0.0;34.44444444444444
69.0;57.0;69.0;0;0.0;8;63.0;0.0;322.0;35.0;31;32;35;33;15.0;7;43;39;35;0;1;2;0.0;35.77777777777778
68.0;51.0;57.0;0;0.0;20;58.0;0.0;308.0;35.666666666666664;34;30;38;38;15.0;7;42;39;34;0;1;3;0.0;33.833333333333336
74.0;43.0;53.0;0;55.0;20;52.0;65.0;404.0;36.46666666666667;39;37;38;33;15.0;7;42;31;33;0;1;2;0.0;33.611111111111114
59.0;53.0;53.0;0;62.0;8;58.0;62.0;415.0;26.266666666666666;30;32;37;33;9.0;5;0;45;22;2;3;1;6.0;11.0
57.0;47.0;64.0;0;47.0;18;50.0;65.0;404.0;38.0;43;35;30;44;15.0;7;42;31;38;0;1;2;0.0;33.76470588235294
65.0;58.0;74.0;1;0.0;10;55.0;0.0;311.0;33.46666666666667;30;30;38;33;15.0;7;41;37;31;0;1;2;0.0;35.0
70.0;63.0;65.0;1;0.0;14;50.0;0.0;314.0;38.13333333333333;30;41;43;36;15.0;7;42;42;38;0;1;2;0.0;36.388888888888886
65.0;59.0;66.0;1;0.0;11;59.0;0.0;319.0;36.06666666666667;30;44;41;34;15.0;7;43;37;31;0;1;2;0.0;33.75
70.0;56.0;66.0;0;0.0;20;55.0;0.0;313.0;33.2;30;40;30;33;15.0;7;41;33;30;0;1;2;0.0;30.166666666666668
74.0;88.0;59.0;0;0.0;7;50.0;0.0;313.0;33.06666666666667;30;38;35;32;15.0;7;36;36;30;0;1;3;0.0;39.111111111111114
69.0;54.0;52.0;0;38.0;20;47.0;58.0;371.0;38.2;32;40;38;34;15.0;7;40;35;43;0;2;2;0.0;16.4
72.0;57.0;64.0;0;0.0;20;50.0;0.0;309.0;32.53333333333333;30;34;36;36;15.0;7;33;36;30;0;1;2;0.0;30.916666666666668
78.0;80.0;72.0;1;0.0;11;74.0;0.0;364.0;41.53333333333333;46;34;47;41;15.0;7;40;42;40;0;1;2;0.0;35.785714285714285
65.0;60.0;51.0;1;52.0;4;58.0;61.0;402.0;33.666666666666664;36;31;34;44;15.0;7;32;39;30;0;1;2;0.0;33.4
67.0;80.0;69.0;0;0.0;11;71.0;0.0;341.0;35.266666666666666;30;42;37;42;15.0;7;35;45;31;0;1;2;0.0;38.46666666666667
73.0;66.0;69.0;0;0.0;10;60.0;0.0;325.0;37.93333333333333;43;35;31;32;15.0;7;35;30;44;0;1;1;0.0;35.705882352941174
69.0;75.0;65.0;1;0.0;8;73.0;0.0;337.0;33.8;32;34;40;39;15.0;7;37;30;30;0;1;1;0.0;33.22222222222222
66.0;75.0;69.0;0;0.0;4;68.0;0.0;342.0;35.6;30;31;41;39;15.0;7;38;41;36;0;1;1;0.0;37.0
76.0;70.0;72.0;0;0.0;8;69.0;0.0;356.0;35.06666666666667;35;38;42;35;15.0;7;37;32;30;0;1;2;0.0;40.833333333333336
75.0;75.0;72.0;1;0.0;20;71.0;0.0;359.0;37.0;30;41;38;42;15.0;7;41;43;35;0;1;2;0.0;38.333333333333336
65.0;69.0;68.0;1;0.0;10;64.0;0.0;336.0;33.2;30;36;36;32;15.0;7;38;36;30;0;1;2;0.0;33.0
75.0;81.0;71.0;0;0.0;7;70.0;0.0;362.0;38.86666666666667;41;40;39;35;15.0;7;42;31;38;0;1;1;0.0;34.470588235294116
72.0;76.0;75.0;0;0.0;20;70.0;0.0;368.0;37.93333333333333;30;34;45;32;15.0;7;44;41;40;0;1;1;0.0;38.666666666666664
66.0;82.0;69.0;0;0.0;9;71.0;0.0;354.0;36.666666666666664;32;35;42;34;15.0;7;47;40;33;0;1;1;0.0;38.86666666666667
67.0;63.0;67.0;1;0.0;1;65.0;0.0;337.0;40.06666666666667;37;42;39;39;15.0;7;38;37;44;0;1;1;0.0;41.0
67.0;67.0;66.0;0;0.0;10;65.0;0.0;332.0;34.333333333333336;32;35;38;32;15.0;7;40;41;30;0;1;1;0.0;34.416666666666664
76.0;66.0;67.0;0;0.0;20;63.0;0.0;329.0;41.733333333333334;38;41;44;35;15.0;7;47;45;42;0;1;1;0.0;41.0
62.0;75.0;66.0;1;0.0;10;76.0;0.0;343.0;36.2;31;36;44;40;15.0;7;45;40;30;0;1;1;0.0;39.666666666666664
71.0;67.0;68.0;0;0.0;4;60.0;0.0;336.0;42.6;34;46;40;45;15.0;7;43;42;48;0;1;2;0.0;37.25
71.0;63.0;67.0;0;0.0;5;58.0;0.0;327.0;38.666666666666664;32;49;41;43;15.0;7;40;45;34;0;1;2;0.0;37.05555555555556
74.0;61.0;69.0;0;0.0;8;55.0;0.0;321.0;33.13333333333333;30;38;33;37;15.0;7;37;34;30;0;1;1;0.0;35.388888888888886
76.0;67.0;66.0;1;0.0;20;67.0;0.0;341.0;38.266666666666666;40;42;39;41;15.0;7;39;41;33;0;1;1;0.0;36.611111111111114
75.0;57.0;72.0;0;0.0;11;61.0;0.0;339.0;35.86666666666667;33;40;42;42;15.0;7;39;35;30;0;1;1;0.0;27.2
67.0;62.0;65.0;1;0.0;10;66.0;0.0;332.0;34.53333333333333;30;39;31;43;15.0;7;39;43;31;0;1;2;0.0;34.18181818181818
60.0;63.0;64.0;1;0.0;16;63.0;0.0;314.0;37.266666666666666;44;39;40;40;15.0;7;35;39;30;0;1;1;0.0;43.666666666666664
70.0;63.0;66.0;0;0.0;18;66.0;0.0;334.0;34.53333333333333;30;41;34;35;15.0;7;40;35;32;0;1;2;0.0;32.0
73.0;68.0;70.0;0;0.0;8;71.0;0.0;360.0;33.93333333333333;30;30;32;32;15.0;7;39;37;37;0;1;2;0.0;30.0
68.0;73.0;66.0;1;0.0;19;68.0;0.0;341.0;35.86666666666667;34;31;45;35;15.0;7;46;33;31;0;1;2;0.0;29.333333333333332
70.0;79.0;67.0;0;0.0;4;58.0;0.0;336.0;37.8;30;40;37;45;15.0;7;38;42;40;0;1;2;0.0;35.111111111111114
74.0;77.0;72.0;1;0.0;8;70.0;0.0;365.0;45.333333333333336;46;49;41;42;15.0;7;45;46;46;0;1;1;0.0;42.388888888888886
73.0;62.0;71.0;1;0.0;12;66.0;0.0;341.0;38.4;38;36;42;32;15.0;7;41;40;38;0;1;2;0.0;35.0
72.0;76.0;70.0;1;0.0;10;66.0;0.0;353.0;35.666666666666664;30;42;36;42;15.0;7;38;43;32;0;1;3;0.0;23.0
65.0;66.0;65.0;0;0.0;8;71.0;0.0;339.0;35.0;31;40;36;43;15.0;7;35;39;32;0;1;2;0.0;34.46666666666667
74.0;70.0;62.0;0;0.0;8;70.0;0.0;346.0;34.13333333333333;30;35;35;36;15.0;7;41;40;31;0;1;1;0.0;35.46666666666667
69.0;62.0;68.0;0;0.0;16;60.0;0.0;329.0;35.46666666666667;32;33;39;31;15.0;7;38;37;37;0;1;2;0.0;36.333333333333336
67.0;73.0;72.0;1;0.0;20;72.0;0.0;346.0;39.4;30;49;44;43;15.0;7;46;48;33;0;1;1;0.0;46.833333333333336
70.0;71.0;67.0;1;0.0;10;67.0;0.0;335.0;38.6;38;40;39;32;15.0;7;43;37;38;0;1;1;0.0;33.22222222222222
68.0;58.0;66.0;0;0.0;8;69.0;0.0;336.0;34.2;33;34;37;34;15.0;7;41;36;30;0;1;2;0.0;35.416666666666664
86.0;51.0;57.0;0;0.0;9;57.0;0.0;321.0;34.733333333333334;30;38;37;43;15.0;7;35;44;31;0;1;1;0.0;34.583333333333336
64.0;67.0;67.0;1;0.0;16;70.0;0.0;334.0;33.93333333333333;30;33;38;38;15.0;7;42;35;30;0;1;2;0.0;36.8
75.0;75.0;73.0;0;0.0;16;74.0;0.0;367.0;35.53333333333333;30;39;39;35;15.0;7;40;36;34;0;1;2;0.0;36.0
68.0;73.0;67.0;1;0.0;9;60.0;0.0;329.0;38.266666666666666;44;36;38;45;15.0;7;35;31;37;0;1;1;0.0;35.416666666666664
64.0;57.0;70.0;1;0.0;16;73.0;0.0;340.0;34.266666666666666;30;38;32;45;15.0;7;38;43;30;0;1;2;0.0;34.666666666666664
72.0;63.0;69.0;0;0.0;9;61.0;0.0;325.0;37.93333333333333;41;41;38;39;15.0;7;42;37;32;0;1;1;0.0;35.27777777777778
70.0;81.0;71.0;1;0.0;8;72.0;0.0;354.0;36.06666666666667;32;32;43;30;15.0;7;43;35;36;0;1;2;0.0;38.111111111111114
68.0;64.0;65.0;0;0.0;20;72.0;0.0;332.0;24.6;18;30;34;45;6.0;4;26;34;14;3;2;2;9.0;38.0
69.0;62.0;66.0;0;0.0;7;60.0;0.0;333.0;41.2;41;39;38;45;15.0;7;43;42;42;0;1;2;0.0;40.0
73.0;59.0;66.0;0;0.0;8;63.0;0.0;337.0;35.06666666666667;32;38;39;35;15.0;7;39;31;33;0;1;3;0.0;33.333333333333336
72.0;56.0;64.0;1;0.0;3;71.0;0.0;337.0;36.06666666666667;30;32;36;34;15.0;7;41;43;39;0;1;2;0.0;33.666666666666664
67.0;68.0;67.0;1;0.0;9;69.0;0.0;336.0;35.13333333333333;30;37;43;33;15.0;7;43;38;30;0;1;1;0.0;39.06666666666667
71.0;70.0;70.0;0;0.0;7;66.0;0.0;336.0;42.13333333333333;37;46;44;40;15.0;7;41;43;44;0;1;3;0.0;39.333333333333336
73.0;71.0;66.0;1;0.0;7;63.0;0.0;333.0;37.6;33;38;39;43;15.0;7;43;42;35;0;1;1;0.0;35.77777777777778
67.0;77.0;66.0;1;0.0;10;69.0;0.0;344.0;42.333333333333336;36;40;44;40;15.0;7;48;43;45;0;1;1;0.0;42.13333333333333
68.0;74.0;67.0;0;0.0;8;64.0;0.0;341.0;35.333333333333336;34;31;40;39;15.0;7;45;37;30;0;1;1;0.0;36.333333333333336
70.0;56.0;67.0;0;0.0;11;63.0;0.0;330.0;37.46666666666667;43;41;32;37;15.0;7;35;44;34;0;1;2;0.0;37.53333333333333
74.0;47.0;69.0;0;0.0;10;58.0;0.0;319.0;33.46666666666667;25;32;34;38;12.0;6;35;43;36;1;1;2;3.0;9.0
75.0;72.0;71.0;1;0.0;16;68.0;0.0;349.0;41.53333333333333;36;44;42;40;15.0;7;44;39;44;0;1;1;0.0;36.666666666666664
70.0;66.0;68.0;0;0.0;11;62.0;0.0;323.0;35.4;30;36;37;35;15.0;7;37;38;37;0;1;1;0.0;18.333333333333332
67.0;58.0;69.0;1;0.0;7;73.0;0.0;336.0;39.6;40;40;47;42;15.0;7;48;42;30;0;1;1;0.0;44.166666666666664
68.0;80.0;67.0;0;0.0;19;61.0;0.0;333.0;33.6;30;30;37;39;15.0;7;41;39;30;0;1;2;0.0;33.857142857142854
72.0;69.0;68.0;1;0.0;8;68.0;0.0;341.0;40.06666666666667;34;48;42;40;15.0;7;49;45;34;0;1;2;0.0;37.642857142857146
74.0;59.0;65.0;1;0.0;10;70.0;0.0;341.0;39.13333333333333;33;45;40;41;15.0;7;41;39;39;0;1;1;0.0;40.833333333333336
78.0;66.0;62.0;0;0.0;20;57.0;0.0;323.0;28.866666666666667;30;31;34;33;11.0;6;40;40;15;1;1;2;4.0;15.0
67.0;68.0;69.0;1;0.0;8;64.0;0.0;334.0;33.8;30;45;30;33;15.0;7;38;34;31;0;1;1;0.0;36.72222222222222
71.0;67.0;66.0;0;0.0;8;62.0;0.0;332.0;35.46666666666667;30;30;42;45;15.0;7;39;39;34;0;1;3;0.0;35.0
65.0;50.0;53.0;1;46.0;11;58.0;52.0;390.0;37.13333333333333;36;40;41;39;15.0;7;34;44;34;0;1;2;0.0;37.833333333333336
69.0;60.0;66.0;0;0.0;10;60.0;0.0;331.0;36.53333333333333;30;45;40;37;15.0;7;42;39;32;0;1;1;0.0;39.94444444444444
68.0;69.0;69.0;0;0.0;20;66.0;0.0;334.0;41.06666666666667;39;44;40;41;15.0;7;43;44;40;0;1;1;0.0;37.44444444444444
75.0;70.0;74.0;1;0.0;18;65.0;0.0;355.0;41.733333333333334;32;49;46;46;15.0;7;43;48;40;0;1;1;0.0;38.166666666666664
69.0;70.0;66.0;1;0.0;10;73.0;0.0;353.0;37.733333333333334;32;37;38;33;15.0;7;36;39;44;0;1;1;0.0;35.55555555555556
68.0;78.0;67.0;1;0.0;7;64.0;0.0;337.0;34.8;30;39;42;37;15.0;7;35;43;30;0;1;2;0.0;32.166666666666664
74.0;62.0;66.0;1;0.0;8;64.0;0.0;330.0;33.8;30;31;40;37;15.0;7;37;44;30;0;1;2;0.0;32.72222222222222
65.0;48.0;43.0;1;58.0;19;62.0;76.0;413.0;35.733333333333334;34;37;36;43;15.0;7;30;45;35;0;1;3;0.0;28.09090909090909
67.0;69.0;68.0;0;0.0;8;64.0;0.0;336.0;33.266666666666666;30;35;35;33;15.0;7;40;36;30;0;1;1;0.0;37.388888888888886
70.0;66.0;69.0;0;0.0;5;65.0;0.0;340.0;39.46666666666667;30;38;43;45;15.0;7;48;43;39;0;1;2;0.0;31.166666666666668
71.0;71.0;68.0;0;0.0;14;56.0;0.0;330.0;42.666666666666664;44;41;40;38;15.0;7;45;38;45;0;1;1;0.0;42.611111111111114
70.0;66.0;70.0;0;0.0;10;69.0;0.0;337.0;37.6;36;36;42;30;15.0;7;46;38;35;0;1;2;0.0;24.666666666666668
73.0;69.0;68.0;1;0.0;14;68.0;0.0;344.0;33.733333333333334;20;36;40;42;12.0;6;44;44;30;1;1;3;3.0;31.0
69.0;67.0;69.0;0;0.0;11;64.0;0.0;332.0;37.2;30;35;38;37;15.0;7;42;41;40;0;1;2;0.0;37.0
71.0;50.0;64.0;0;0.0;4;60.0;0.0;330.0;37.13333333333333;37;40;38;40;15.0;7;35;36;36;0;1;1;0.0;32.94444444444444
68.0;75.0;66.0;0;0.0;18;59.0;0.0;326.0;41.0;33;48;46;46;15.0;7;47;48;35;0;1;1;0.0;39.05555555555556
60.0;78.0;64.0;1;0.0;20;67.0;0.0;340.0;38.06666666666667;31;39;42;40;15.0;7;46;44;35;0;1;3;0.0;36.22222222222222
66.0;73.0;67.0;1;0.0;19;59.0;0.0;326.0;34.06666666666667;30;35;39;35;15.0;7;40;38;30;0;1;2;0.0;35.93333333333333
63.0;68.0;66.0;0;0.0;8;62.0;0.0;335.0;36.4;33;37;36;43;15.0;7;35;44;36;0;1;3;0.0;37.375
66.0;77.0;66.0;1;0.0;20;64.0;0.0;329.0;30.133333333333333;22;39;38;31;8.0;5;40;37;21;2;1;2;7.0;24.0
67.0;68.0;67.0;1;0.0;9;58.0;0.0;325.0;33.46666666666667;32;35;30;35;15.0;7;44;33;30;0;1;3;0.0;29.5
67.0;64.0;69.0;1;0.0;11;67.0;0.0;324.0;35.333333333333336;30;32;34;38;15.0;7;36;42;39;0;1;1;0.0;34.333333333333336
69.0;63.0;62.0;1;0.0;4;64.0;0.0;330.0;35.266666666666666;30;33;35;35;15.0;7;41;42;36;0;1;1;0.0;34.833333333333336
67.0;63.0;67.0;0;0.0;7;63.0;0.0;326.0;34.4;30;30;34;39;15.0;7;38;39;36;0;1;2;0.0;34.333333333333336
10.0;10.0;10.0;1;0.0;20;10.0;0.0;20.0;0.0;0;0;0;0;0.0;0;0;0;0;0;0;0;0.0;34.0
69.0;71.0;65.0;1;0.0;19;70.0;0.0;339.0;38.0;35;43;39;37;15.0;7;49;46;30;0;1;1;0.0;36.46666666666667
78.0;72.0;76.0;1;0.0;8;69.0;0.0;368.0;42.13333333333333;39;46;40;47;15.0;7;44;48;40;0;1;1;0.0;38.333333333333336
63.0;61.0;68.0;1;0.0;8;64.0;0.0;326.0;38.93333333333333;39;42;35;42;15.0;7;40;47;36;0;1;1;0.0;34.333333333333336
67.0;66.0;65.0;1;0.0;5;60.0;0.0;325.0;39.733333333333334;39;47;34;40;15.0;7;39;47;38;0;1;1;0.0;40.2
65.0;73.0;69.0;1;0.0;10;75.0;0.0;346.0;40.2;44;42;40;39;15.0;7;40;48;35;0;1;2;0.0;35.0
70.0;64.0;65.0;1;0.0;20;59.0;0.0;320.0;28.4;18;39;40;38;8.0;5;38;36;16;2;1;2;7.0;16.0
70.0;72.0;62.0;1;0.0;11;71.0;0.0;340.0;34.2;26;41;39;45;8.0;5;38;46;27;2;1;2;7.0;12.0
65.0;71.0;70.0;0;0.0;15;63.0;0.0;334.0;36.4;30;45;36;40;15.0;7;39;44;33;0;1;1;0.0;33.22222222222222
73.0;66.0;75.0;0;0.0;8;69.0;0.0;354.0;36.2;30;42;35;44;15.0;7;43;45;31;0;1;1;0.0;32.5
74.0;66.0;62.0;1;0.0;15;62.0;0.0;333.0;42.733333333333334;42;41;44;46;15.0;7;44;47;41;0;1;1;0.0;33.733333333333334
64.0;74.0;67.0;1;0.0;7;69.0;0.0;336.0;41.0;35;47;34;48;15.0;7;48;44;40;0;1;1;0.0;42.44444444444444
63.0;67.0;67.0;0;0.0;4;64.0;0.0;328.0;36.06666666666667;35;37;38;43;15.0;7;40;43;30;0;1;1;0.0;28.5
69.0;64.0;69.0;1;0.0;16;70.0;0.0;345.0;38.733333333333334;30;42;41;45;15.0;7;41;38;40;0;1;1;0.0;44.25
69.0;69.0;65.0;1;0.0;7;62.0;0.0;324.0;40.0;44;43;36;48;15.0;7;47;44;31;0;1;3;0.0;32.8
68.0;80.0;69.0;1;0.0;11;70.0;0.0;349.0;36.46666666666667;33;40;42;39;15.0;7;39;47;30;0;1;1;0.0;39.666666666666664
68.0;63.0;67.0;1;0.0;20;62.0;0.0;323.0;40.4;39;42;42;45;15.0;7;40;48;37;0;1;1;0.0;34.75
63.0;64.0;68.0;1;0.0;7;68.0;0.0;324.0;36.8;30;42;44;36;15.0;7;39;44;33;0;1;1;0.0;40.0
65.0;75.0;69.0;1;0.0;10;60.0;0.0;335.0;41.86666666666667;33;46;42;45;15.0;7;42;48;44;0;1;1;0.0;41.55555555555556
86.0;67.0;65.0;1;0.0;11;66.0;0.0;358.0;40.06666666666667;31;46;35;44;15.0;7;45;48;41;0;1;1;0.0;36.13333333333333
70.0;61.0;66.0;1;0.0;14;62.0;0.0;319.0;36.4;33;47;33;42;15.0;7;39;47;30;0;1;1;0.0;29.666666666666668
80.0;61.0;74.0;0;0.0;19;68.0;0.0;365.0;37.8;31;46;42;41;15.0;7;43;35;34;0;1;1;0.0;32.0
67.0;72.0;65.0;0;0.0;20;60.0;0.0;324.0;35.666666666666664;32;36;39;40;15.0;7;41;43;31;0;1;1;0.0;32.0
68.0;69.0;68.0;1;0.0;19;71.0;0.0;346.0;39.46666666666667;40;47;40;40;15.0;7;46;38;32;0;1;1;0.0;36.166666666666664
67.0;68.0;66.0;1;0.0;20;70.0;0.0;332.0;38.4;37;44;39;38;15.0;7;41;43;34;0;1;1;0.0;34.55555555555556
68.0;62.0;63.0;1;0.0;8;71.0;0.0;328.0;37.53333333333333;31;43;38;46;15.0;7;39;44;35;0;1;1;0.0;30.0
70.0;55.0;65.0;1;0.0;20;62.0;0.0;318.0;36.06666666666667;36;43;34;41;15.0;7;39;40;30;0;1;1;0.0;23.125
65.0;63.0;69.0;0;0.0;10;63.0;0.0;332.0;37.0;39;36;37;45;15.0;7;39;45;31;0;1;1;0.0;36.0
51.0;68.0;61.0;1;0.0;7;51.0;0.0;284.0;37.6;35;40;40;45;15.0;7;42;42;32;0;1;1;0.0;38.0
69.0;49.0;63.0;1;0.0;10;65.0;0.0;323.0;40.0;44;46;39;38;15.0;7;43;42;33;0;1;1;0.0;30.555555555555557
67.0;54.0;67.0;1;0.0;20;64.0;0.0;322.0;41.8;46;43;39;45;15.0;7;43;42;38;0;1;1;0.0;33.92857142857143
67.0;75.0;67.0;1;0.0;10;68.0;0.0;337.0;35.266666666666666;33;34;37;39;15.0;7;41;47;30;0;1;1;0.0;33.0
74.0;59.0;70.0;0;0.0;20;61.0;0.0;342.0;46.86666666666667;50;47;41;43;15.0;7;45;44;50;0;1;1;0.0;40.333333333333336
77.0;79.0;74.0;1;0.0;7;68.0;0.0;358.0;43.46666666666667;49;43;37;37;15.0;7;40;44;46;0;1;1;0.0;38.4
68.0;67.0;65.0;0;0.0;11;61.0;0.0;325.0;39.4;41;39;39;41;15.0;7;46;43;34;0;1;1;0.0;40.111111111111114
74.0;67.0;73.0;0;0.0;10;63.0;0.0;346.0;37.4;38;37;40;42;15.0;7;41;45;31;0;1;1;0.0;36.0
69.0;66.0;67.0;0;0.0;11;59.0;0.0;332.0;36.733333333333334;36;45;35;38;15.0;7;41;43;30;0;1;1;0.0;34.0
63.0;57.0;60.0;1;0.0;19;59.0;0.0;302.0;36.53333333333333;35;39;40;32;15.0;7;36;45;34;0;1;1;0.0;46.0
77.0;79.0;67.0;0;0.0;12;65.0;0.0;332.0;42.333333333333336;50;46;32;39;15.0;7;36;30;47;0;1;1;0.0;37.0
74.0;73.0;72.0;0;0.0;8;59.0;0.0;346.0;39.333333333333336;40;42;40;45;15.0;7;45;43;32;0;1;1;0.0;38.166666666666664
64.0;70.0;69.0;0;0.0;9;71.0;0.0;338.0;37.6;32;42;39;45;15.0;7;47;43;31;0;1;1;0.0;35.833333333333336
75.0;63.0;64.0;0;0.0;20;65.0;0.0;334.0;38.666666666666664;37;39;37;48;15.0;7;45;43;34;0;1;1;0.0;31.0
64.0;85.0;64.0;1;0.0;8;67.0;0.0;328.0;33.86666666666667;39;32;31;41;15.0;7;30;40;31;0;1;1;0.0;40.0
71.0;78.0;68.0;1;0.0;11;68.0;0.0;355.0;40.2;35;42;38;43;15.0;7;46;43;40;0;1;1;0.0;31.166666666666668
62.0;66.0;68.0;1;0.0;4;70.0;0.0;332.0;39.53333333333333;42;43;43;38;15.0;7;44;45;31;0;1;1;0.0;31.09090909090909
65.0;64.0;68.0;1;0.0;11;64.0;0.0;327.0;33.4;31;30;33;30;15.0;7;42;32;34;0;1;2;0.0;34.22222222222222
73.0;61.0;63.0;1;0.0;1;65.0;0.0;328.0;42.06666666666667;37;37;44;40;15.0;7;45;36;48;0;1;1;0.0;42.77777777777778
70.0;63.0;58.0;0;55.0;4;50.0;58.0;412.0;35.06666666666667;32;37;35;32;15.0;7;40;34;35;0;3;1;0.0;37.0
71.0;68.0;65.0;0;0.0;2;61.0;0.0;330.0;34.8;32;30;36;36;15.0;7;37;36;37;0;1;1;0.0;32.416666666666664
65.0;63.0;64.0;1;0.0;11;65.0;0.0;325.0;40.0;32;31;44;41;15.0;7;42;41;47;0;1;1;0.0;35.111111111111114
74.0;55.0;71.0;1;0.0;20;63.0;0.0;329.0;34.8;30;32;37;35;15.0;7;39;41;35;0;1;1;0.0;30.75
71.0;71.0;63.0;1;0.0;7;68.0;0.0;338.0;41.8;33;38;42;42;15.0;7;43;40;50;0;1;1;0.0;37.77777777777778
68.0;77.0;65.0;1;0.0;5;69.0;0.0;335.0;36.06666666666667;36;31;41;42;15.0;7;43;33;32;0;1;2;0.0;32.5
65.0;50.0;71.0;1;0.0;20;62.0;0.0;323.0;32.06666666666667;30;30;30;31;15.0;7;37;38;32;0;2;2;0.0;37.0
69.0;68.0;68.0;0;0.0;11;60.0;0.0;320.0;37.46666666666667;36;35;40;34;15.0;7;45;44;34;0;1;1;0.0;35.0
81.0;54.0;59.0;1;0.0;8;62.0;0.0;333.0;39.733333333333334;40;30;42;39;15.0;7;46;33;42;0;1;2;0.0;24.88888888888889
80.0;82.0;68.0;0;0.0;18;69.0;0.0;360.0;36.93333333333333;35;32;41;38;15.0;7;43;35;36;0;1;2;0.0;40.57142857142857
84.0;59.0;67.0;1;0.0;20;62.0;0.0;342.0;39.46666666666667;31;46;42;38;15.0;7;42;45;39;0;1;1;0.0;46.5
68.0;71.0;71.0;1;0.0;20;69.0;0.0;339.0;39.4;36;38;40;38;15.0;7;40;45;41;0;1;2;0.0;32.5
78.0;59.0;76.0;0;0.0;5;63.0;0.0;362.0;39.13333333333333;41;42;41;39;15.0;7;42;47;32;0;1;1;0.0;41.0
60.0;56.0;65.0;0;0.0;19;68.0;0.0;322.0;36.8;30;41;42;32;15.0;7;40;44;35;0;1;1;0.0;37.44444444444444
71.0;67.0;59.0;0;0.0;10;51.0;0.0;314.0;38.266666666666666;34;46;43;34;15.0;7;39;46;34;0;1;2;0.0;33.666666666666664
67.0;60.0;63.0;0;0.0;18;62.0;0.0;314.0;25.2;10;12;37;39;5.0;3;38;27;27;4;2;2;10.0;5.0
66.0;58.0;68.0;1;0.0;18;57.0;0.0;318.0;38.46666666666667;36;35;42;40;15.0;7;44;47;35;0;1;1;0.0;36.55555555555556
66.0;69.0;64.0;0;0.0;11;56.0;0.0;320.0;34.266666666666666;31;33;33;40;15.0;7;40;45;31;0;1;1;0.0;33.833333333333336
58.0;45.0;56.0;0;55.0;7;52.0;58.0;412.0;36.266666666666666;40;36;36;43;15.0;7;38;37;31;0;1;2;0.0;34.166666666666664
68.0;69.0;60.0;0;0.0;9;63.0;0.0;318.0;34.733333333333334;31;30;35;40;15.0;7;35;44;36;0;1;1;0.0;31.444444444444443
65.0;63.0;63.0;1;0.0;20;63.0;0.0;318.0;37.6;40;34;42;38;15.0;7;42;46;31;0;1;1;0.0;34.333333333333336
61.0;58.0;70.0;1;0.0;11;60.0;0.0;320.0;38.0;38;33;38;46;15.0;7;40;44;36;0;1;2;0.0;41.0
63.0;64.0;64.0;1;0.0;9;66.0;0.0;327.0;35.06666666666667;31;32;31;42;15.0;7;42;45;34;0;1;2;0.0;36.0
68.0;74.0;60.0;1;0.0;7;60.0;0.0;318.0;37.2;36;33;39;45;15.0;7;34;45;37;0;1;2;0.0;35.8
58.0;69.0;70.0;0;0.0;8;67.0;0.0;325.0;33.266666666666666;30;36;41;37;15.0;7;32;34;30;0;1;2;0.0;39.0
57.0;47.0;53.0;0;48.0;20;54.0;55.0;381.0;24.6;30;16;42;36;9.0;5;30;35;8;2;1;2;6.0;33.0
67.0;50.0;68.0;0;0.0;8;60.0;0.0;316.0;34.06666666666667;33;32;33;38;15.0;7;39;38;32;0;1;2;0.0;39.0
50.0;82.0;68.0;0;0.0;11;67.0;0.0;342.0;35.266666666666666;32;32;35;48;15.0;7;45;41;30;0;1;2;0.0;40.0
70.0;82.0;66.0;0;0.0;10;65.0;0.0;343.0;35.53333333333333;31;45;40;38;15.0;7;37;38;30;0;1;1;0.0;34.0
71.0;72.0;63.0;1;0.0;8;72.0;0.0;345.0;38.93333333333333;39;36;43;45;15.0;7;36;44;37;0;1;1;0.0;37.0
74.0;54.0;66.0;0;0.0;11;64.0;0.0;323.0;38.6;33;43;30;42;15.0;7;40;44;42;0;1;1;0.0;37.0
74.0;69.0;69.0;1;0.0;13;59.0;0.0;328.0;38.2;34;44;46;44;15.0;7;40;47;30;0;1;1;0.0;40.0
70.0;71.0;67.0;0;0.0;1;66.0;0.0;351.0;36.93333333333333;23;38;43;40;12.0;6;47;37;38;1;1;1;3.0;34.0
73.0;65.0;68.0;0;0.0;11;66.0;0.0;340.0;39.0;34;47;41;43;15.0;7;49;46;30;0;1;1;0.0;41.0
63.0;55.0;69.0;1;0.0;19;65.0;0.0;336.0;38.53333333333333;40;43;43;47;15.0;7;39;41;30;0;1;1;0.0;35.0
79.0;47.0;69.0;0;0.0;20;58.0;0.0;332.0;38.86666666666667;33;43;42;36;15.0;7;40;46;38;0;1;1;0.0;35.0
72.0;69.0;70.0;0;0.0;11;74.0;0.0;361.0;38.333333333333336;35;44;40;48;15.0;7;41;48;31;0;1;1;0.0;47.0
72.0;72.0;63.0;0;0.0;10;63.0;0.0;333.0;38.2;31;45;47;44;15.0;7;47;38;30;0;1;1;0.0;33.0
70.0;71.0;68.0;1;0.0;18;65.0;0.0;339.0;34.6;31;39;38;32;15.0;7;37;46;30;0;1;1;0.0;37.0
68.0;76.0;66.0;1;0.0;8;62.0;0.0;334.0;37.4;31;44;36;44;15.0;7;42;48;33;0;1;1;0.0;31.0
67.0;80.0;72.0;0;0.0;10;68.0;0.0;345.0;40.733333333333334;42;47;37;46;15.0;7;40;47;36;0;1;1;0.0;40.0
70.0;81.0;70.0;0;0.0;16;72.0;0.0;355.0;38.4;31;39;43;42;15.0;7;44;49;35;0;1;1;0.0;39.0
75.0;68.0;62.0;0;0.0;20;70.0;0.0;343.0;33.333333333333336;27;42;42;39;8.0;5;43;42;21;2;1;1;7.0;35.0
73.0;52.0;65.0;0;0.0;4;66.0;0.0;332.0;38.93333333333333;33;43;41;41;15.0;7;34;40;42;0;1;1;0.0;39.0
69.0;56.0;56.0;0;62.0;10;63.0;52.0;430.0;34.93333333333333;32;42;35;37;15.0;7;36;37;32;0;1;1;0.0;30.0
68.0;67.0;75.0;1;0.0;11;70.0;0.0;351.0;34.86666666666667;30;34;42;38;15.0;7;38;43;31;0;1;1;0.0;37.0
67.0;71.0;66.0;1;0.0;20;68.0;0.0;335.0;41.86666666666667;42;43;43;42;15.0;7;40;44;41;0;1;1;0.0;45.0
71.0;68.0;61.0;1;0.0;6;73.0;0.0;342.0;40.53333333333333;37;48;40;40;15.0;7;39;47;39;0;1;1;0.0;43.0
77.0;54.0;70.0;1;0.0;19;62.0;0.0;348.0;39.06666666666667;41;48;39;42;15.0;7;39;45;31;0;1;1;0.0;41.0
75.0;61.0;71.0;0;0.0;8;66.0;0.0;341.0;35.733333333333334;32;44;39;40;15.0;7;35;44;30;0;1;1;0.0;32.0
72.0;63.0;66.0;1;0.0;20;66.0;0.0;329.0;39.733333333333334;34;40;38;41;15.0;7;41;39;44;0;1;1;0.0;39.0
71.0;67.0;67.0;1;0.0;11;73.0;0.0;345.0;37.86666666666667;36;43;40;42;15.0;7;41;46;31;0;1;1;0.0;40.0
70.0;65.0;70.0;0;0.0;11;66.0;0.0;337.0;33.6;37;42;38;42;11.0;6;43;41;16;1;1;1;4.0;33.0
76.0;74.0;68.0;0;0.0;18;65.0;0.0;355.0;36.266666666666666;37;41;35;38;15.0;7;41;41;30;0;1;2;0.0;33.0
70.0;69.0;68.0;0;0.0;8;64.0;0.0;343.0;32.333333333333336;33;37;40;45;11.0;6;44;43;14;1;1;1;4.0;8.0
70.0;52.0;64.0;0;0.0;20;65.0;0.0;334.0;35.93333333333333;35;39;42;35;15.0;7;39;39;30;0;1;1;0.0;34.0
78.0;57.0;63.0;0;0.0;18;62.0;0.0;338.0;35.8;32;39;36;30;15.0;7;32;41;39;0;1;1;0.0;33.0
83.0;82.0;70.0;0;0.0;10;75.0;0.0;372.0;38.0;33;44;47;43;15.0;7;41;40;31;0;1;1;0.0;44.0
70.0;76.0;69.0;0;0.0;20;63.0;0.0;348.0;42.733333333333334;44;47;38;44;15.0;7;46;43;40;0;1;1;0.0;32.75
82.0;46.0;66.0;0;0.0;20;47.0;0.0;315.0;38.6;35;43;40;41;15.0;7;40;43;36;0;1;1;0.0;38.0
66.0;68.0;66.0;1;0.0;11;76.0;0.0;350.0;36.666666666666664;39;36;41;34;15.0;7;42;41;30;0;1;1;0.0;30.0
70.0;77.0;72.0;0;0.0;8;68.0;0.0;363.0;40.53333333333333;44;42;39;44;15.0;7;40;42;37;0;1;1;0.0;43.0
62.0;61.0;69.0;0;0.0;7;76.0;0.0;344.0;32.86666666666667;35;41;35;31;11.0;6;43;31;22;1;1;2;4.0;36.0
72.0;60.0;72.0;1;0.0;7;69.0;0.0;339.0;38.666666666666664;39;39;42;44;15.0;7;44;45;31;0;1;1;0.0;33.75
68.0;76.0;72.0;1;0.0;16;61.0;0.0;341.0;34.86666666666667;34;35;38;41;15.0;7;39;36;30;0;1;1;0.0;25.0
68.0;72.0;70.0;1;0.0;11;76.0;0.0;354.0;36.46666666666667;35;40;39;38;15.0;7;40;38;32;0;1;1;0.0;41.0
78.0;60.0;65.0;0;0.0;12;57.0;0.0;325.0;34.266666666666666;38;35;38;34;11.0;6;40;40;25;1;1;2;4.0;33.0
75.0;62.0;65.0;1;0.0;7;73.0;0.0;342.0;36.93333333333333;37;34;39;38;15.0;7;43;37;34;0;1;1;0.0;38.0
73.0;62.0;66.0;1;0.0;16;66.0;0.0;340.0;35.266666666666666;36;31;39;39;15.0;7;39;44;30;0;1;1;0.0;34.0
71.0;72.0;63.0;1;0.0;20;65.0;0.0;330.0;36.86666666666667;40;36;40;36;15.0;7;40;41;31;0;1;2;0.0;35.0
67.0;57.0;67.0;1;0.0;6;65.0;0.0;331.0;37.86666666666667;33;34;43;41;15.0;7;36;42;40;0;1;1;0.0;34.0
66.0;64.0;67.0;1;0.0;7;61.0;0.0;332.0;35.0;30;33;43;43;15.0;7;40;40;30;0;1;1;0.0;39.0
70.0;54.0;67.0;1;0.0;7;61.0;0.0;324.0;34.666666666666664;33;32;41;38;15.0;7;38;41;30;0;1;1;0.0;42.0
71.0;71.0;67.0;1;0.0;11;52.0;0.0;323.0;37.6;33;36;43;42;15.0;7;40;45;35;0;1;1;0.0;37.0
72.0;65.0;66.0;1;0.0;6;71.0;0.0;346.0;39.6;37;41;40;38;15.0;7;47;45;36;0;1;1;0.0;37.333333333333336
